56 82 70 22 22 20 67 8
66 63 68 47 15 88 53 75
7 5 19 42 45 66 68 13
19 92 78 67 46 16 91 54
97 60 75 18 32 93 77 97
55 96 95 22 84 100 96 42
4 66 84 100 31 3 13 2
94 42 68 91 9 59 44 5


*************************

70 71 74 1 63 50 50 18
46 96 39 81 95 86 22 51
51 5 50 82 7 14 35 52
8 2 43 16 12 38 21 82
8 46 34 71 96 35 40 93
31 30 25 25 15 46 27 65
3 77 98 61 42 32 13 49
86 7 17 97 44 37 30 4


*************************

13123 19069 19738 19715 17650 15798 10047 17295
20819 19104 21941 25270 19469 20500 13968 21803
5753 10533 13534 12896 10291 9910 6863 16672
15857 20686 23575 29394 22141 19756 12186 24577
25231 23928 26650 30098 24521 23195 16875 23364
20959 28190 28988 34367 28958 25338 17217 31814
8952 9771 13807 17101 11965 12565 8242 19729
15171 16835 22085 15811 15297 17344 12590 21680


*************************

