11 70 48 13 65 77 63 58 49 51 41 32 4 97 93 37 2 89 22 6 68 30 20 77 56 51 86 47 46 48 13 8 17 13 20 34 89 83 91 89 85 83 72 89 80 64 25 33 4 99 38 23 80 10 99 36 12 84 34 57 31 47 65 100
59 36 33 99 70 75 87 55 58 58 43 89 21 19 21 76 17 10 99 49 19 97 84 31 33 69 39 63 67 55 14 77 91 46 75 60 73 61 14 82 70 8 70 42 27 90 18 95 99 16 43 70 64 78 52 96 47 90 11 65 45 24 42 87
22 16 46 94 29 12 75 50 19 44 92 97 85 61 92 35 76 34 56 91 64 7 87 10 97 97 74 93 72 67 31 93 35 28 86 15 39 12 64 10 7 7 58 91 67 49 78 94 35 33 85 98 40 23 59 88 71 84 32 42 3 62 35 37
41 72 51 32 36 14 41 42 73 50 85 39 99 14 33 85 46 69 34 37 91 44 76 61 79 59 54 81 20 88 17 13 12 19 44 99 85 84 92 57 85 76 95 83 89 79 19 87 47 4 75 89 47 51 49 78 61 3 58 81 42 27 45 5
97 88 3 81 23 95 37 7 22 84 42 63 62 60 1 61 16 75 49 14 77 50 91 38 52 1 70 45 79 14 2 75 53 56 8 75 50 44 81 24 79 22 38 93 34 38 5 49 64 53 62 93 2 5 82 5 5 51 2 83 16 3 57 68
10 16 42 12 60 74 35 90 96 72 34 29 61 38 29 24 91 90 16 44 94 97 1 98 99 54 32 66 8 41 85 17 56 78 28 67 52 62 57 99 85 42 27 45 80 55 21 22 96 88 17 42 37 17 91 87 70 23 53 77 63 89 94 70
67 21 37 70 35 45 68 19 86 46 16 17 52 88 38 99 75 55 40 11 23 31 98 45 53 2 21 67 90 66 88 8 39 24 77 73 20 96 43 58 41 10 74 44 97 64 43 72 18 82 34 92 12 83 36 16 36 57 34 26 74 22 85 12
97 14 36 69 9 31 26 2 92 99 45 89 14 87 12 31 69 97 23 32 80 10 100 15 18 33 92 92 6 77 55 55 90 43 23 50 73 48 51 64 98 96 4 12 82 15 94 2 12 68 86 43 78 85 57 95 69 1 38 27 77 93 81 18
35 3 67 59 2 18 74 51 13 78 14 46 44 8 100 7 27 85 1 56 69 10 51 89 10 88 15 38 32 95 55 18 49 73 76 2 42 2 53 6 79 66 52 74 25 51 33 52 87 33 7 7 42 9 95 3 49 10 40 32 56 46 50 57
71 77 58 12 78 62 18 8 80 21 34 4 23 66 7 9 50 66 15 44 74 9 46 74 70 38 6 78 83 55 34 5 31 43 17 61 5 86 68 84 6 1 39 80 66 46 88 68 11 54 11 36 14 8 10 84 45 67 61 80 21 46 84 3
88 52 63 92 37 83 27 94 83 66 73 1 63 12 68 73 65 30 60 31 37 69 14 82 87 26 13 7 23 96 62 10 48 76 54 36 58 80 82 41 97 54 93 59 18 12 83 34 41 43 64 29 63 29 10 50 54 22 8 76 70 69 38 69
97 91 4 54 22 37 46 19 91 38 29 60 1 12 93 41 6 57 70 68 85 31 69 91 5 77 18 74 97 7 94 93 97 49 47 71 86 92 41 28 82 69 87 82 80 79 75 37 87 44 5 24 26 73 66 30 49 35 55 98 42 48 90 90
97 36 60 82 80 52 61 13 21 47 94 52 77 68 89 64 63 93 39 41 17 4 22 18 38 77 15 31 76 4 21 24 92 32 57 23 84 17 35 4 63 28 7 40 48 95 55 62 39 93 2 8 48 24 25 37 52 39 68 27 94 88 3 37
71 59 59 54 76 93 9 90 73 16 29 72 62 35 33 53 79 87 60 26 62 84 63 13 74 82 91 19 69 93 56 91 52 66 45 27 11 5 68 83 20 97 6 34 83 38 86 62 76 45 39 37 80 53 49 5 34 40 75 54 84 82 45 35
48 89 13 10 45 81 92 65 29 97 50 63 86 35 24 62 31 15 98 62 67 99 18 1 90 44 54 73 26 98 60 25 38 24 34 83 4 77 99 84 25 48 47 62 34 22 23 16 36 73 77 3 71 46 55 12 89 8 84 66 58 95 90 95
19 75 29 74 3 79 10 27 78 56 89 11 29 63 78 17 87 6 71 9 51 25 20 92 32 56 57 41 50 99 88 68 25 16 94 28 47 3 6 24 58 94 87 38 9 64 54 95 22 24 56 72 48 75 15 32 30 72 72 32 22 59 99 46
27 92 73 73 46 79 48 3 24 34 93 84 50 46 31 71 22 86 94 21 60 9 52 42 32 76 73 53 86 23 50 64 67 75 88 12 5 36 67 28 21 59 64 70 56 94 40 77 31 86 50 42 94 53 35 25 28 7 29 66 82 30 81 48
4 69 59 8 56 77 88 76 87 3 46 43 48 37 71 78 22 20 71 67 73 6 43 52 12 71 69 45 53 50 92 56 18 3 16 73 79 55 100 18 57 45 60 4 34 82 81 55 54 51 74 78 56 16 81 20 39 50 64 91 99 8 98 68
10 13 92 40 67 91 9 23 36 68 26 21 2 58 27 55 61 100 84 68 16 64 39 54 13 55 44 63 62 41 30 23 6 21 14 24 12 23 47 99 42 24 19 43 34 45 49 46 45 84 13 60 48 52 65 60 58 8 75 19 100 4 93 57
25 58 81 88 80 79 86 74 54 56 68 87 100 69 32 96 52 97 7 99 48 71 11 57 78 85 27 30 40 19 86 16 76 18 3 8 96 40 33 50 95 100 36 47 68 20 42 20 16 49 18 15 19 80 71 49 64 97 30 56 67 67 71 94
85 74 53 80 65 85 29 60 85 17 6 52 88 99 23 3 47 41 69 18 72 39 66 88 87 95 43 5 61 13 98 97 38 51 77 3 87 57 14 71 25 71 75 12 69 97 66 68 89 34 85 61 24 50 48 62 96 42 66 8 54 16 5 44
66 33 98 52 89 11 75 66 81 49 77 1 97 95 68 86 28 52 98 4 53 97 65 48 38 31 8 43 98 64 38 15 96 35 66 36 45 92 1 77 92 30 30 89 24 97 74 51 49 23 54 53 19 71 53 8 53 60 50 50 23 88 64 18
74 81 5 71 73 6 47 64 35 76 4 58 25 29 60 25 51 66 77 21 36 29 28 40 88 30 89 62 69 52 31 42 84 36 12 56 41 11 72 27 38 75 36 62 56 95 86 6 60 15 27 47 43 6 86 83 35 26 96 55 29 27 97 13
62 60 68 54 70 91 32 60 18 67 21 73 61 59 30 73 73 8 71 67 14 9 1 100 34 97 55 63 75 3 75 88 14 94 41 84 37 72 95 6 90 15 78 50 25 59 74 49 67 45 68 32 5 68 31 38 16 37 52 90 91 78 77 5
72 69 40 60 92 34 65 81 48 94 83 25 52 56 73 70 52 40 1 56 60 84 46 75 20 97 17 63 75 45 67 98 14 6 57 57 39 21 38 38 14 20 62 17 27 87 87 79 78 87 86 37 22 31 64 94 28 32 56 54 76 22 51 41
27 59 98 17 31 87 54 96 58 16 12 84 54 50 14 31 89 100 20 10 82 83 3 9 14 58 14 41 31 16 82 9 74 31 25 56 17 79 51 26 46 15 9 51 16 75 81 4 26 100 14 7 34 68 16 99 26 81 40 8 97 73 17 22
55 93 78 23 71 80 48 68 46 8 70 62 82 51 65 7 2 30 14 36 98 81 86 75 13 25 82 9 49 98 31 3 91 60 25 13 91 24 33 37 32 2 50 65 4 14 72 6 44 37 93 93 69 78 67 81 55 48 42 3 98 72 58 40
83 34 52 25 58 36 61 41 90 62 5 93 28 28 50 71 16 42 15 84 72 81 65 26 28 58 80 77 81 89 16 63 75 68 87 84 55 100 24 44 61 80 89 88 8 90 10 23 84 24 7 55 56 23 32 84 80 63 60 60 52 28 74 78
47 12 61 1 11 84 97 24 63 37 63 22 26 25 45 9 100 3 15 56 77 46 91 8 9 2 19 12 29 44 89 75 55 49 28 18 84 24 93 98 60 55 20 37 31 16 46 31 70 60 38 98 6 28 5 66 81 75 77 10 18 17 36 72
65 63 41 100 86 33 97 97 40 68 34 70 35 79 52 4 90 89 1 47 16 57 12 97 31 40 58 48 56 93 72 72 56 12 71 93 97 20 42 36 87 75 57 74 5 9 77 46 49 30 93 17 86 56 13 69 48 22 68 55 14 39 27 21
3 49 66 51 68 7 86 7 33 94 32 37 54 8 82 3 89 26 19 27 34 83 47 81 4 14 35 69 5 13 42 7 62 7 57 81 65 94 39 97 87 70 85 93 30 66 95 18 44 13 96 77 47 42 57 50 56 43 70 60 56 63 18 69
21 74 1 85 19 40 81 57 9 65 49 90 83 43 8 78 7 55 54 53 97 62 54 4 4 76 15 11 38 32 31 59 57 32 43 75 71 76 83 31 92 32 21 26 26 80 3 33 34 8 37 82 69 43 37 25 18 51 87 55 34 18 65 90
49 60 16 71 87 99 1 78 30 73 56 7 52 58 39 38 66 28 71 86 70 8 62 87 58 49 93 92 66 10 33 66 69 49 36 55 99 88 84 80 61 39 86 12 49 25 1 66 4 72 51 73 79 13 59 88 13 3 31 78 12 64 95 80
64 82 86 62 69 22 93 81 60 78 45 8 54 45 73 57 16 76 29 46 40 39 34 52 42 64 81 53 79 75 85 94 8 22 7 28 43 99 9 55 77 53 14 30 49 87 87 65 14 67 62 53 6 95 56 47 11 36 51 41 62 87 35 69
9 41 96 3 40 56 57 68 8 71 49 9 9 87 73 22 54 86 26 59 81 81 57 43 16 59 83 29 46 69 97 6 62 44 60 53 100 17 20 59 39 68 67 47 55 91 20 60 77 97 70 9 77 26 51 44 36 85 72 33 6 20 38 67
63 98 19 14 66 90 73 4 9 39 2 15 30 21 74 6 69 43 14 45 20 16 40 56 52 63 88 57 34 78 75 48 27 93 62 44 34 34 99 95 24 100 9 5 72 35 62 40 29 27 36 49 42 27 56 94 89 95 2 74 24 77 21 2
21 82 45 55 67 43 1 43 94 9 47 65 43 9 56 72 35 91 72 29 17 27 74 57 73 75 30 97 3 3 98 24 84 95 30 3 89 30 45 83 38 43 99 33 3 55 56 90 45 79 18 14 57 43 22 29 69 52 77 72 54 27 95 89
21 76 43 9 5 39 43 94 82 42 78 84 48 85 25 44 63 94 57 19 36 31 100 5 82 76 28 87 2 74 27 74 49 22 35 5 60 29 98 93 22 28 77 69 12 53 13 75 47 21 45 82 51 44 38 84 20 17 22 73 90 1 99 90
22 33 94 81 61 44 74 83 71 2 3 82 54 15 56 100 88 53 34 90 96 23 26 67 40 99 40 29 99 90 71 20 22 64 53 34 59 78 68 29 31 71 11 84 37 18 36 24 70 21 66 18 43 91 84 82 89 75 63 88 64 33 59 37
48 63 71 7 40 38 35 70 8 97 6 45 67 93 20 88 13 85 5 7 75 41 89 16 15 51 55 31 35 65 67 82 28 37 40 19 27 75 41 34 23 98 30 41 90 2 81 54 86 37 60 13 77 48 80 44 50 34 74 36 98 92 18 25
29 57 96 55 83 36 40 58 33 22 50 22 23 30 27 60 67 86 72 95 86 51 38 87 36 63 23 34 55 40 10 35 48 5 41 83 92 80 92 24 53 41 97 75 71 23 35 89 61 58 83 46 61 21 32 96 35 6 29 89 45 91 23 45
95 63 79 87 95 70 62 47 62 59 74 84 33 60 72 93 69 7 90 29 27 74 25 61 79 5 2 76 95 24 72 42 39 2 80 33 71 41 31 84 51 56 68 84 67 91 28 88 97 70 16 75 95 92 88 73 97 41 100 91 64 23 32 54
24 11 38 46 4 21 30 54 76 49 89 95 91 17 82 40 38 49 66 32 41 53 56 37 45 56 79 61 78 11 14 2 73 52 47 76 72 28 82 99 28 70 45 19 38 26 58 75 75 23 6 67 28 62 3 24 69 81 84 98 43 98 51 16
1 50 43 24 77 76 22 57 46 19 75 83 96 84 10 70 58 15 88 37 28 90 61 48 71 44 98 65 93 48 32 93 97 75 16 26 2 90 82 47 60 8 82 55 91 91 77 48 57 64 37 37 54 97 84 76 92 33 40 85 81 24 29 77
50 97 54 51 38 35 98 97 42 79 3 84 21 79 84 77 43 20 13 48 68 49 75 59 81 66 95 13 89 24 42 38 72 95 89 9 82 86 57 75 16 59 59 36 38 42 64 32 13 29 79 80 77 5 90 9 70 85 22 59 60 63 96 83
9 84 43 90 21 99 65 88 9 75 23 46 68 39 29 80 67 59 11 43 63 52 3 33 88 76 91 99 38 38 81 99 22 23 88 94 73 4 82 82 30 56 79 97 94 8 28 12 66 90 6 81 42 9 13 29 84 55 80 74 92 60 72 13
35 11 59 7 67 92 88 96 47 67 45 93 26 24 4 43 14 10 23 7 70 35 87 53 89 66 78 81 26 1 45 12 64 55 18 30 46 6 77 45 24 73 37 49 97 92 91 62 1 66 68 22 100 6 75 41 72 4 73 49 57 69 60 20
24 77 1 21 34 29 65 9 2 53 57 50 45 100 11 97 65 30 19 16 87 45 8 58 48 80 58 4 49 17 75 24 46 75 44 31 4 61 40 57 13 48 58 57 99 20 54 15 49 24 31 87 68 38 45 67 70 54 23 70 23 97 93 20
24 88 50 27 100 41 35 13 89 92 21 39 11 26 54 11 49 36 97 16 25 93 35 94 47 57 63 21 53 7 40 76 47 89 54 46 30 88 58 70 31 31 8 93 56 13 3 5 48 52 72 73 96 6 18 42 62 81 62 15 39 53 42 85
42 96 83 23 35 92 44 66 22 51 58 78 16 13 34 63 64 5 87 11 63 5 53 24 37 66 90 75 19 84 12 12 79 94 86 65 85 29 30 7 31 40 36 46 4 69 61 19 25 99 29 87 3 81 63 91 99 4 18 69 87 29 32 17
74 17 82 58 45 11 16 75 2 51 73 5 19 33 23 96 31 52 82 86 84 44 28 34 100 45 54 86 73 85 3 98 53 36 56 97 46 23 24 100 74 48 4 44 32 79 91 14 82 73 99 65 68 79 99 67 23 4 5 48 89 59 45 41
94 52 90 91 75 65 90 100 12 46 95 95 76 86 8 57 10 59 21 77 37 71 96 59 27 52 6 15 10 3 7 55 54 48 45 80 64 87 79 27 84 26 21 59 11 29 15 20 87 87 48 23 10 43 33 36 46 39 2 55 93 60 9 46
60 6 26 23 92 56 50 27 81 22 85 43 50 51 62 88 89 62 10 50 56 95 37 2 85 90 56 77 2 17 22 61 74 99 83 65 55 84 43 87 6 79 30 7 29 43 95 69 4 56 71 60 50 59 61 34 49 68 10 50 84 84 10 57
34 44 73 40 28 15 27 85 93 56 91 73 98 85 94 2 41 64 13 42 22 73 76 22 40 37 71 76 72 32 32 6 76 57 45 55 23 71 39 68 78 29 40 28 66 85 81 6 48 93 99 22 65 26 43 56 63 66 31 86 49 15 91 76
71 36 30 93 58 20 60 88 1 52 15 66 36 95 23 36 87 21 9 3 47 3 58 61 68 89 46 69 3 89 44 25 76 26 17 33 97 29 72 97 32 86 14 67 32 36 54 70 9 62 72 7 65 82 19 84 70 64 52 24 52 48 48 79
25 16 64 21 96 35 70 27 21 83 94 4 71 47 74 79 61 45 37 25 26 55 60 47 18 64 70 22 63 69 52 87 37 15 59 32 50 80 59 22 63 52 25 85 50 98 15 62 95 51 38 20 5 98 19 74 61 88 47 23 9 99 61 45
13 19 76 14 99 34 35 13 37 60 49 39 57 63 100 51 13 38 23 69 87 41 42 47 80 41 21 40 39 81 84 3 51 12 17 1 97 51 65 34 62 13 24 71 27 75 73 39 64 95 59 50 87 1 48 19 93 20 58 83 100 94 85 3
5 53 55 53 56 72 38 17 36 61 87 63 88 12 1 51 58 12 1 45 64 100 15 56 20 24 38 71 17 74 73 73 27 80 26 34 51 15 50 86 76 89 48 63 100 1 65 57 12 65 53 75 65 67 82 84 91 19 6 59 44 79 84 70
10 61 3 12 75 5 97 50 45 97 64 44 49 29 52 12 45 5 38 61 23 19 96 65 89 2 76 32 32 59 54 41 19 8 52 93 12 100 95 8 48 10 51 96 38 55 59 35 11 96 95 33 66 91 50 6 92 25 38 23 83 43 15 53
50 66 97 14 17 91 21 65 1 24 60 90 78 19 24 88 66 19 72 32 61 73 37 52 97 26 26 31 20 40 35 22 57 32 35 73 22 7 37 74 82 49 16 11 67 39 50 84 9 74 67 69 46 4 72 43 81 49 25 1 40 60 22 96
91 8 21 64 66 57 38 100 5 5 10 23 43 12 7 4 85 73 24 30 28 48 24 61 48 49 13 88 8 86 83 98 93 3 61 10 12 50 61 68 54 23 91 49 34 49 4 18 73 79 99 53 26 23 13 74 71 77 61 78 62 95 27 6
50 87 15 13 89 28 80 94 50 70 42 83 70 97 52 43 76 50 95 53 24 59 26 94 35 38 23 96 85 49 1 86 36 67 98 76 94 77 69 95 99 63 77 68 59 80 62 86 30 56 39 53 66 16 99 100 6 21 47 90 70 99 27 57
66 24 32 11 52 100 6 2 14 34 70 25 14 31 10 95 39 48 99 4 16 97 56 21 18 2 62 39 1 88 95 18 63 26 28 14 77 85 16 43 19 37 67 84 19 76 78 57 76 76 61 91 25 16 11 94 69 24 32 69 11 26 86 73
3 66 38 31 50 5 73 20 93 39 3 12 67 80 68 42 8 80 84 32 47 46 25 16 69 56 36 31 33 22 55 87 87 92 69 88 49 42 8 41 32 10 52 50 90 20 43 49 51 26 80 98 23 56 65 91 63 100 21 47 73 75 33 59


*************************

19 1 47 67 94 6 59 78 15 11 27 56 82 22 4 32 47 35 81 22 42 45 12 4 97 85 2 69 11 34 80 81 87 78 99 32 83 58 9 97 20 88 5 1 9 60 84 7 47 17 28 88 13 92 44 9 28 45 78 38 31 9 19 69
86 69 100 20 26 9 68 45 48 72 97 56 32 81 14 30 97 42 17 9 85 60 70 12 57 99 49 39 7 19 7 44 40 6 63 65 66 30 62 13 54 58 20 85 90 34 14 38 27 82 99 11 94 68 22 2 66 22 40 24 93 46 67 32
51 81 48 17 10 9 81 63 19 1 99 8 86 64 98 64 46 96 26 91 63 47 92 80 20 31 55 64 76 73 47 78 53 95 94 62 55 27 77 25 79 27 85 64 91 82 79 88 77 4 78 91 2 21 22 21 51 76 37 78 48 83 55 52
29 1 65 36 27 41 60 5 68 44 20 10 77 98 49 53 1 78 95 2 98 16 74 100 43 62 77 42 97 83 93 77 83 58 12 61 50 24 17 69 19 36 30 96 85 78 48 37 55 95 90 52 62 16 3 5 77 79 46 25 14 91 2 48
100 13 9 1 88 77 22 7 65 51 2 49 29 1 38 83 95 27 87 57 94 89 13 71 20 10 95 33 100 48 80 51 61 40 4 48 17 25 6 33 75 7 81 3 8 70 38 54 49 24 10 42 12 74 64 31 84 59 63 83 6 95 86 18
86 89 18 2 13 23 34 87 30 67 42 89 88 79 42 36 2 4 78 65 77 41 96 60 51 10 95 9 56 32 26 42 20 95 95 84 18 81 22 99 99 63 39 86 93 32 22 46 87 51 11 64 91 58 75 42 19 21 2 75 4 79 68 75
74 62 58 43 94 32 93 92 46 31 30 39 14 51 36 1 53 46 16 43 55 42 36 26 15 37 100 18 16 19 93 41 32 2 83 26 33 27 69 79 57 98 69 22 100 4 22 52 2 37 95 56 31 82 33 45 71 84 62 38 2 54 78 34
56 12 59 88 38 79 18 46 77 86 67 76 90 41 28 43 77 74 50 59 7 83 3 77 66 65 14 68 18 91 1 25 54 11 65 91 89 34 88 17 20 7 45 61 47 72 3 75 97 52 34 3 34 36 80 100 100 93 19 70 36 19 46 89
81 62 32 21 96 19 90 15 77 34 27 23 57 29 98 53 32 83 55 66 18 86 17 70 31 35 39 18 5 36 6 37 98 89 9 93 60 98 59 36 31 85 59 87 65 8 91 96 90 98 13 59 83 81 28 65 67 18 82 23 54 40 59 51
28 20 43 87 17 53 75 100 37 85 38 53 44 81 48 33 78 13 91 12 93 71 77 12 88 58 34 41 97 93 91 77 64 85 15 32 89 89 83 25 25 21 29 68 53 77 52 30 41 95 41 85 65 69 96 52 79 30 45 75 74 35 3 37
72 18 20 60 58 3 37 83 75 65 50 27 93 54 56 85 48 48 70 12 17 17 15 47 46 59 21 71 46 76 59 69 93 79 80 50 81 16 84 55 33 86 81 77 39 88 62 86 87 83 49 3 99 63 49 97 74 22 67 19 49 26 39 41
56 18 42 88 86 26 94 70 63 74 46 1 13 59 86 99 41 86 54 92 48 54 88 73 27 54 43 75 31 81 67 38 99 61 25 84 38 18 53 100 43 50 100 7 61 37 6 53 22 59 44 21 64 31 94 91 37 36 17 19 69 84 9 67
44 85 2 81 3 6 80 97 7 31 4 67 67 61 20 88 19 15 60 34 98 53 24 34 41 41 4 9 24 12 27 19 49 80 99 51 37 30 99 43 60 54 62 26 14 81 65 84 47 24 18 44 29 41 29 69 33 33 29 8 96 7 26 44
86 76 46 22 5 97 16 16 50 77 93 64 9 9 47 56 33 64 51 61 57 80 81 89 64 61 97 59 19 22 55 4 50 52 77 6 48 44 22 98 21 66 13 81 75 59 88 59 75 39 71 31 18 3 19 81 63 67 91 81 41 97 36 90
49 64 95 48 7 68 97 79 34 9 12 60 20 99 18 94 37 88 76 6 90 46 38 4 13 81 36 53 77 71 42 25 86 88 25 92 56 21 23 41 82 34 100 1 32 69 46 21 56 73 78 97 18 16 100 30 96 35 82 24 57 75 1 42
63 25 85 18 97 7 10 78 40 9 30 24 29 27 96 36 99 73 32 17 40 83 98 87 69 80 11 77 54 11 18 16 87 2 85 83 61 94 61 52 54 42 75 82 69 70 69 67 43 100 35 34 34 33 21 2 64 31 78 17 93 47 85 79
1 69 61 61 15 21 64 68 15 39 2 83 60 70 1 54 22 36 88 55 20 8 9 83 90 38 99 82 37 35 60 37 56 72 49 70 45 12 89 59 2 42 41 62 12 41 15 85 28 2 91 47 61 99 29 50 89 80 31 25 66 42 61 21
14 61 90 58 72 79 16 26 20 8 87 83 48 1 19 28 55 10 74 15 60 55 65 48 86 47 24 51 41 84 72 6 96 13 63 20 91 30 45 63 37 31 97 36 83 68 15 37 77 41 52 88 95 68 36 32 66 59 34 6 95 5 11 42
18 25 61 60 6 5 74 42 87 23 30 70 90 96 6 66 36 9 5 82 76 40 13 42 51 47 99 97 3 10 38 72 86 99 32 92 55 57 85 94 79 66 63 68 62 20 85 97 29 90 79 56 81 43 49 83 41 48 31 44 9 69 15 94
19 98 37 25 55 22 18 85 87 80 53 100 52 89 97 32 78 27 87 11 69 36 93 62 35 24 5 43 44 71 88 14 21 25 38 27 98 56 11 36 87 63 36 90 52 84 21 81 10 8 43 30 95 88 91 29 11 47 71 6 70 58 19 90
34 8 16 31 15 26 67 54 41 54 43 44 37 64 76 98 71 19 79 65 6 70 45 68 68 15 25 37 24 43 78 58 2 45 40 17 23 58 70 63 11 12 58 99 75 33 96 97 3 75 13 8 96 57 27 63 71 51 52 47 45 81 56 47
26 95 63 48 5 84 62 67 47 19 66 22 3 13 18 6 87 83 65 34 39 44 49 10 94 52 8 39 32 63 85 57 9 99 4 13 34 17 80 80 87 97 1 90 9 71 47 48 5 63 81 43 6 29 4 100 32 11 90 64 73 26 20 34
76 76 46 9 44 77 88 31 73 41 20 34 63 18 81 67 80 61 9 38 42 65 89 73 75 78 88 100 3 60 33 78 35 30 86 30 59 25 60 83 65 31 16 79 48 96 97 80 9 58 69 2 22 57 74 96 34 14 47 36 73 31 65 59
13 2 88 71 26 48 53 43 78 21 73 78 16 70 9 76 27 77 77 48 33 3 95 66 16 42 53 88 72 69 98 84 70 85 6 95 84 11 89 14 31 62 43 98 31 51 26 57 27 2 56 11 4 50 28 71 43 32 10 67 100 7 2 69
44 8 63 27 70 52 40 52 13 82 1 95 84 26 3 62 28 58 72 83 59 99 6 2 82 15 68 81 74 21 49 17 80 64 95 49 67 87 100 79 20 1 25 4 26 27 65 5 84 89 40 42 39 45 95 21 11 14 1 84 35 2 52 14
65 47 15 31 85 14 61 4 66 85 7 44 11 24 48 46 64 87 39 2 83 34 74 94 99 75 29 33 76 81 99 40 79 13 22 63 78 82 66 44 66 25 87 28 100 86 73 63 25 11 64 7 96 38 52 95 64 81 79 91 13 29 82 91
93 3 5 71 84 22 14 1 46 52 80 97 37 52 59 13 14 75 20 62 64 23 8 27 3 38 69 15 67 50 57 59 52 13 29 87 35 94 39 32 97 18 29 86 69 87 98 34 13 69 95 76 92 54 54 94 92 22 61 58 71 69 68 74
82 49 60 16 42 98 47 91 15 27 76 35 14 73 21 78 42 67 54 33 21 7 78 12 29 90 21 51 59 88 25 40 36 36 7 30 34 5 20 100 32 95 87 97 19 7 74 60 73 27 44 93 86 74 56 66 63 76 16 21 64 40 12 51
28 18 80 61 23 51 12 54 45 98 50 16 56 23 27 81 2 71 25 39 44 81 4 58 56 19 79 71 11 90 74 38 60 53 50 82 4 13 87 100 63 88 15 18 62 42 98 63 64 23 1 59 55 56 16 62 27 46 85 37 88 58 26 47
62 27 80 17 39 18 17 1 5 83 71 66 76 20 81 91 94 33 49 48 89 17 62 15 62 46 3 49 3 80 47 64 6 78 81 96 95 49 49 51 83 71 69 59 90 49 49 84 33 50 83 73 66 44 39 27 41 93 28 43 72 26 59 29
56 91 77 50 39 25 53 73 95 21 31 36 21 32 71 53 81 54 78 46 49 16 24 90 9 3 84 32 81 94 13 36 84 89 37 74 65 89 47 11 9 29 46 81 60 69 86 92 74 63 89 22 30 13 63 38 67 99 22 99 92 34 86 76
74 23 1 38 63 47 48 24 28 45 4 87 13 89 31 86 51 19 60 81 83 74 70 2 72 43 100 16 76 86 43 1 60 43 38 22 42 37 45 21 34 49 7 98 89 89 36 92 8 47 72 90 20 93 91 44 36 43 11 63 28 53 64 87
47 53 60 88 42 5 8 75 5 67 24 93 7 59 84 14 5 7 4 77 52 46 72 87 88 82 1 67 34 64 5 32 69 65 72 10 69 31 36 25 49 11 69 56 70 5 69 26 63 24 54 14 22 25 100 9 58 53 28 91 68 32 75 36
96 46 97 16 76 84 40 25 95 9 80 16 65 48 93 27 24 47 41 45 23 92 5 81 44 32 23 12 16 97 99 11 42 48 27 18 31 18 42 77 78 73 44 42 72 37 69 95 83 61 91 57 52 48 37 48 31 60 11 46 8 9 57 50
56 35 19 39 52 12 67 82 84 11 23 55 47 43 2 81 55 44 37 7 91 26 6 22 85 16 67 92 76 75 93 32 9 11 22 13 74 40 46 9 50 20 64 96 63 17 28 17 12 17 75 3 42 80 76 26 47 94 69 23 69 14 6 29
76 27 93 50 18 38 58 68 58 73 15 72 41 43 40 53 59 67 7 100 46 82 77 45 27 97 67 95 10 72 76 86 50 68 87 67 6 44 86 63 69 1 86 9 95 25 13 53 91 19 4 89 52 32 33 79 28 99 25 90 22 100 75 23
68 13 89 25 56 75 39 76 27 24 85 21 48 49 73 39 20 28 27 71 59 11 1 38 61 78 27 82 77 53 4 96 65 44 72 73 70 10 48 96 33 84 16 33 33 40 71 52 19 49 74 29 59 75 67 19 4 45 52 32 98 7 28 62
50 51 34 20 61 34 67 45 17 35 77 1 74 99 52 93 47 26 73 57 52 39 27 7 84 30 38 33 36 17 46 86 68 80 57 28 65 75 24 81 9 1 82 83 51 85 27 98 62 51 6 65 90 85 71 25 14 9 57 50 25 2 87 44
33 95 23 49 69 47 82 30 99 15 64 49 99 90 98 13 92 4 77 81 40 100 57 53 60 65 54 84 19 92 80 3 38 2 52 7 48 33 36 46 47 51 95 97 92 92 9 83 47 38 64 38 89 72 91 48 37 96 83 7 40 62 9 77
64 12 35 11 44 22 9 42 72 55 91 63 98 51 46 97 40 9 34 28 32 76 75 68 24 58 26 63 19 35 39 34 46 74 97 42 95 5 35 67 11 25 29 8 28 26 56 67 86 90 95 18 65 69 37 88 78 63 50 97 97 41 82 94
66 78 87 60 82 22 78 44 46 59 4 73 84 59 92 70 48 86 39 65 6 75 4 84 37 6 32 85 46 13 31 11 91 17 22 24 38 52 68 36 10 71 60 45 81 51 66 29 88 4 45 94 79 48 29 67 53 60 4 50 24 34 12 66
2 34 42 92 85 9 27 46 31 38 42 11 41 8 91 28 11 35 21 41 35 49 8 39 60 63 89 36 48 100 1 49 85 42 40 21 2 18 18 84 8 60 47 48 67 37 75 29 24 96 70 10 96 29 48 8 91 88 95 90 40 95 38 24
89 30 97 42 99 14 26 6 73 72 53 91 60 28 20 35 75 41 96 22 69 44 81 11 83 75 100 22 22 89 46 62 70 94 3 69 7 80 26 32 51 79 74 63 58 93 49 84 33 97 5 53 40 38 63 22 12 62 44 85 3 41 46 72
34 49 92 92 28 18 75 31 48 49 45 5 93 45 88 78 41 44 30 32 81 93 6 45 6 1 81 8 41 27 32 26 27 23 69 6 92 44 88 39 44 32 43 36 29 82 65 69 26 95 53 58 39 58 54 44 58 35 4 50 61 87 75 39
9 95 44 53 90 32 91 33 15 34 21 43 67 37 64 44 31 16 2 69 73 7 65 82 41 20 31 53 6 57 91 66 51 87 18 93 18 9 77 32 94 49 27 60 86 90 56 16 57 9 37 29 15 1 10 8 20 92 60 25 48 3 42 50
89 60 42 58 20 19 41 13 67 19 24 52 8 79 20 16 87 56 96 54 56 5 61 27 48 72 3 95 74 44 45 14 55 86 23 74 56 16 38 23 34 62 26 94 92 45 9 31 100 5 84 55 61 96 33 9 67 35 55 93 79 99 58 85
37 33 59 92 48 96 66 33 9 92 26 1 36 87 83 36 43 18 42 3 13 75 63 31 61 18 75 91 68 85 76 56 17 34 48 16 29 13 48 90 56 26 90 92 12 72 79 6 89 72 60 53 98 23 35 59 92 10 1 11 94 76 67 10
61 66 25 42 30 24 31 86 49 20 77 12 43 7 17 83 78 77 87 76 51 21 86 94 30 86 4 23 14 22 84 74 87 60 15 17 84 45 2 84 64 30 48 58 36 64 40 65 92 26 92 94 47 29 87 28 15 43 3 28 64 86 1 51
98 16 19 81 12 20 16 76 1 63 85 88 79 77 52 70 2 96 64 100 24 2 80 90 44 82 17 8 19 70 10 16 37 28 48 48 47 64 75 99 26 12 86 4 88 89 26 41 84 41 41 8 42 72 97 86 53 66 93 71 87 2 39 75
29 86 74 27 49 49 25 27 12 62 82 99 50 59 39 34 99 31 93 41 2 89 26 6 6 70 29 44 71 67 18 51 52 92 29 53 92 5 31 3 66 64 1 15 23 91 100 21 22 92 61 75 33 86 81 38 7 9 82 29 75 51 79 78
42 59 82 85 63 12 87 80 28 39 47 50 30 46 70 3 38 31 77 70 68 57 59 75 65 92 55 91 43 86 21 36 44 54 21 59 18 59 90 45 98 36 94 79 82 63 81 71 45 57 92 65 66 2 91 82 94 45 25 88 30 45 23 74
98 95 84 67 54 73 11 3 61 4 81 94 19 61 64 63 69 7 27 34 8 17 16 53 62 40 92 43 36 15 16 85 61 51 52 14 24 14 16 36 18 48 29 88 8 44 50 29 50 29 14 9 97 29 62 10 20 5 53 7 71 68 92 32
71 95 45 46 8 13 81 77 60 9 64 20 52 66 100 1 94 13 61 90 94 74 52 65 79 4 72 49 23 15 80 93 9 77 38 68 41 18 45 100 26 8 71 29 25 70 81 18 35 42 60 28 15 11 92 93 14 63 94 36 29 73 81 37
1 18 5 41 36 1 93 13 8 15 94 33 37 74 2 71 15 13 98 82 75 41 74 40 56 19 28 84 44 8 21 44 25 77 37 12 77 81 77 36 95 70 20 31 43 74 1 10 86 50 91 13 91 16 52 98 35 79 81 78 86 53 73 63
81 9 26 57 89 2 45 36 23 64 66 18 89 19 27 27 68 69 39 10 84 90 59 70 69 40 99 6 44 72 20 25 32 46 33 73 99 77 8 22 93 25 39 81 43 17 7 63 37 45 24 72 87 83 42 7 74 92 12 17 63 84 41 47
29 74 19 27 50 26 100 42 2 90 75 45 6 81 59 94 78 82 66 64 16 59 70 89 50 33 6 65 16 98 11 44 71 29 23 73 6 22 66 7 12 40 51 69 73 61 63 50 95 28 65 10 38 34 51 87 18 56 51 34 53 61 29 76
41 51 48 46 25 65 53 88 5 55 56 29 68 70 30 62 49 94 23 86 79 73 25 96 80 75 81 85 88 10 60 28 12 59 26 88 23 78 75 79 84 83 7 51 52 88 64 1 81 87 86 11 59 10 7 91 37 39 75 76 100 86 3 64
44 80 51 18 9 26 49 93 8 7 95 11 95 59 11 27 45 49 38 55 58 96 45 46 34 19 21 34 4 76 97 99 55 99 69 64 76 17 8 35 23 2 46 69 60 56 96 56 4 85 11 14 80 7 59 65 26 80 50 81 55 98 32 61
97 100 24 72 68 83 7 42 85 52 11 96 59 58 52 63 42 14 76 73 20 86 37 97 17 87 30 71 84 61 84 80 12 59 4 31 42 62 72 26 13 34 73 23 91 24 85 84 89 12 56 61 98 93 57 14 31 38 37 14 98 72 46 61
30 49 91 71 62 63 48 74 48 21 96 39 96 33 74 85 96 30 45 45 74 53 11 4 91 99 69 40 70 66 1 99 66 43 22 27 57 69 52 5 41 48 95 37 32 68 21 27 49 17 24 22 69 34 77 59 32 46 51 53 63 51 51 29
45 24 55 2 45 7 6 85 6 100 21 37 19 93 15 68 9 90 41 30 23 18 40 6 15 90 58 77 92 61 5 37 84 12 38 28 18 43 13 23 94 85 11 64 78 77 31 38 67 24 67 89 41 7 95 7 96 4 35 88 64 92 24 48
3 61 27 20 55 91 94 100 76 4 63 5 32 46 42 98 69 9 39 61 15 85 67 62 88 53 49 52 44 24 51 46 84 29 17 90 20 10 89 47 65 4 3 97 1 44 46 69 4 84 29 70 68 47 32 56 99 32 59 95 56 61 40 91
89 9 33 60 18 73 58 35 76 60 83 76 56 28 96 11 12 76 81 31 22 64 38 73 47 96 67 2 8 58 45 97 66 77 8 36 49 66 70 77 77 4 52 32 31 100 43 94 75 75 25 49 90 62 21 36 10 39 38 69 96 34 65 14
10 73 49 10 90 70 86 66 73 38 50 3 37 92 49 63 18 73 11 7 86 83 42 47 21 31 16 69 64 32 34 25 56 34 35 45 3 20 63 27 9 12 81 97 55 29 60 72 53 22 30 91 5 71 37 77 54 4 97 69 88 30 94 43


*************************

174818 159670 175105 142286 165425 132016 169322 159594 148713 146721 180200 154103 172743 167279 166940 168801 168535 153313 169738 152509 174335 189026 152056 160117 160015 161224 163819 164945 141936 180051 158545 158198 181956 175543 144947 169390 170558 131376 162606 166354 154398 138260 171908 188198 184644 186244 175746 177018 164109 171330 167000 160652 187464 165077 171723 159139 166004 163101 163911 170732 185356 172893 156490 178775
198083 162514 178671 156191 171037 128632 187246 189274 162034 160529 180157 165181 178404 194809 170995 195928 178532 180187 184218 177318 195548 182296 181046 188356 190230 185160 167430 189972 148470 194631 175595 177579 198779 195650 156007 180526 182146 149713 182410 195815 174547 162045 181493 207942 203891 199302 183147 194568 184171 175620 191866 160862 193937 177245 195559 189006 167203 177917 174572 188533 198397 183586 165662 201391
183073 169741 170700 165534 165939 137510 191467 183215 155202 160219 164669 165855 174107 189322 170032 200082 176881 168713 186219 163092 192615 181054 168573 184574 184367 173496 177224 184558 152570 202915 186491 161980 189613 180862 153406 176815 179539 139104 186342 185735 172643 150360 184154 210059 190173 208106 191726 194882 167255 175057 192741 156306 200554 167205 194490 181007 173925 178024 161230 158714 198306 185137 149288 191285
191727 168537 186278 167409 178100 126490 188715 179837 157461 156163 176663 172404 187016 180328 182984 199668 189604 167515 188502 175851 182408 179409 168464 181030 190403 191298 164583 192576 145263 191478 168425 176917 196470 186768 160284 177377 180264 155047 197241 185286 168537 162627 192792 206083 200111 208132 182483 199288 188773 173927 185666 159565 212398 176211 183751 173477 170657 179886 165939 169649 207163 172544 158990 187268
163380 135389 162396 143044 144747 115298 151410 152467 132426 134265 152924 149595 161894 155312 149325 154053 144861 135770 153554 139910 159057 166937 142601 145655 160008 158708 152687 147422 118024 161514 143691 143448 167693 155497 144757 135687 151504 128414 153541 165930 141713 134980 145350 176842 170173 170822 157434 163965 145395 153569 144217 148044 172923 157783 157752 143333 138684 136256 134003 141967 168279 149504 135028 159509
183203 173415 179975 160439 169442 148210 181519 188179 158438 163960 182515 182762 184042 184879 177413 194716 177272 172534 196260 178069 166166 193721 162713 193150 183876 175234 162668 178088 158009 199778 168023 161624 195320 196927 148233 181981 182278 151013 199395 176479 162748 148997 179504 203200 190298 198685 179156 199412 197335 172789 179687 163463 199732 184254 182830 183523 178827 178787 164945 191306 213318 164494 166847 192170
168903 156052 172109 136839 149924 122366 161431 158299 138971 136162 155346 154700 161719 159027 148521 173064 156851 150347 172208 149126 160045 162581 153001 162883 162964 162199 163637 173274 128610 166881 156745 158661 178804 185133 147052 157089 164892 137441 161667 170101 156020 147668 152416 186060 173627 184068 172088 174620 173479 158782 164574 153470 173882 154055 158036 143407 149721 159939 152967 156879 189763 158356 152016 167956
168083 157967 166239 158177 174180 134008 186399 171190 137558 157612 169199 159470 162223 178793 190868 178663 160792 151203 177524 168827 161934 179645 167335 182929 185710 175911 165454 189555 146398 194524 159589 165247 190980 179591 146615 162868 167776 142316 175020 187547 160708 153851 165574 202738 189358 194846 194456 176443 176936 174605 190783 163069 205742 162401 176592 174566 179231 170865 162942 169131 200545 172095 152531 184733
139382 125862 145322 133686 131393 104010 143908 144903 125183 121502 131881 128726 139660 143545 141392 147522 134071 141195 147560 118093 148071 136534 133226 146067 139423 138742 126823 135594 128389 168814 144196 121141 146676 137072 111976 133933 151058 113024 142004 137436 133510 119816 149652 153793 160478 158980 137034 149415 133649 126466 153011 133789 149349 138620 148708 126762 145507 150087 126423 134960 162352 131934 110027 145877
148022 139599 145652 117693 128906 119318 142417 138213 124134 132077 150606 135332 151472 141893 139393 161968 146807 125309 155230 135484 134662 159047 136907 146254 144276 140302 136097 145657 110156 155673 148711 144399 150124 158870 129021 135682 145946 113707 145443 149811 130486 120838 144144 161030 149377 160450 154516 160416 159548 135421 136043 129838 166233 146433 137812 134175 128261 136084 126427 139557 166346 144266 135313 145660
164166 155895 187582 152960 161137 124575 180117 180364 152340 149646 162567 158256 187610 184348 170565 181431 167800 158730 186394 155518 173219 180350 147557 166266 183622 167043 159796 181831 149133 185717 159173 162858 191649 187908 153289 174255 172501 146698 184203 173537 157287 152791 176340 199631 179295 197651 176949 184968 180720 178722 177705 160234 182849 159524 177260 163154 170863 162517 156614 173694 183638 155210 149851 177321
188145 165605 196456 172819 183714 140739 196464 187138 170300 162769 177524 169650 178634 200819 184026 200536 175013 176111 188938 168705 189146 189177 174410 182831 189985 193259 176977 189662 158025 209180 173898 177833 209104 196731 146815 179854 185851 157390 187853 190212 171047 167452 188653 211695 208190 206967 191581 199380 186713 179918 184650 170026 210261 190621 192748 172689 175428 179451 178825 185326 217566 178492 169117 200164
151305 147872 151900 136107 144190 115052 152182 169639 126167 133523 132652 141529 146585 162907 138118 164738 143782 142456 163779 137905 159828 155935 139315 158260 155550 158548 136610 169132 148639 163024 156835 136489 180777 158820 138703 151218 156615 112419 152439 160035 146166 140760 151167 160172 166843 173767 163000 149934 160385 137858 164089 150118 161530 152742 160267 134250 157294 145094 152326 144525 174931 159185 127374 165435
184269 167671 168854 163998 172307 136339 174482 176793 157967 161626 170277 173655 185994 177541 177546 190565 172921 161451 185577 177518 184441 193840 166919 189142 190959 177331 176246 182895 151820 201807 176796 162998 192376 189418 161918 181558 178992 148009 187746 193801 181229 151309 176111 201283 199546 206627 190355 194206 183342 179636 196641 164041 203178 172263 188846 178954 188589 180159 170562 183159 206496 182735 170057 193370
177002 166644 170436 155968 163141 131331 183780 194001 159644 164053 169872 170038 181488 186119 169332 180590 181996 150767 181338 168100 186398 198287 161483 163524 181959 182218 167456 177665 145182 179968 167186 161510 174202 186898 155700 173381 172150 157814 195941 184807 176836 150643 178085 195290 189331 193181 176752 196312 170659 186508 181794 165880 200595 175616 184345 180879 172365 167441 168535 182823 197534 172511 165214 185838
166678 145858 160179 146665 134691 112959 161622 156710 149515 137330 154169 155685 153120 166407 145311 173469 146962 148419 175765 144833 164130 149897 144963 161061 160765 158822 163311 162756 138888 175111 151914 161162 174892 185255 124598 164559 159242 134513 165601 157993 144464 141807 154856 196502 173408 174279 171630 176266 160872 164411 177337 142128 188594 148771 160433 153405 159584 157477 144765 164568 184435 165462 139330 166478
181477 159636 170004 154439 161591 116535 172945 168887 160257 148342 169330 159022 166589 181367 169600 178236 167074 156042 179319 157245 184901 173143 164766 172840 172597 173433 174573 174669 150417 188771 168650 158510 190494 179096 144492 164947 169545 139094 173616 177172 174392 153370 177764 199764 198596 199166 179734 185091 172485 170472 189200 156830 194150 165135 181558 160878 167530 163094 162137 166338 191488 179331 158318 183508
196054 167354 174426 152973 167164 127201 171461 175018 161554 155829 168444 167265 168489 186058 180040 174395 176470 166388 176250 165854 172133 177596 160279 175415 163112 181701 176282 176322 149013 189949 152222 165559 186704 176198 147005 179637 164730 151619 171602 170340 172349 151739 189086 204740 201044 196261 175633 198505 177693 161849 174231 159220 203240 167889 185980 164643 171271 167444 162539 169127 196701 185061 166448 187503
149909 141424 141505 121243 127456 115611 134192 139099 128422 135334 151277 146112 146147 154664 140532 152787 140321 139067 157839 132638 143991 150909 147399 157142 138241 144107 144350 151961 133506 159084 141330 135181 153129 158323 119618 141520 148580 119928 144922 150901 148139 130109 141912 165354 159064 170641 149967 158984 161107 136642 157125 143915 166365 145064 145580 143850 141702 136428 138306 143985 175897 155799 131895 159676
172910 174665 181627 159238 180498 135667 185742 196189 153757 165102 178248 162293 180567 184247 182664 187953 169719 175123 189879 163206 190814 195346 172001 196809 182904 172017 167643 182418 167340 196421 171561 163406 209750 189723 165095 181684 186082 150806 190049 182786 170477 160738 180826 204549 198524 208132 186101 194446 182578 181738 185677 157526 202927 168272 178558 173657 184499 181529 174850 187376 213007 180781 164537 194522
190342 164270 168745 159373 167315 130479 179181 171929 155185 161047 165773 174661 171601 185239 156964 193655 161497 169520 191456 177202 189569 177060 166327 192893 187736 175065 181721 187280 159864 193264 171284 161044 194872 198576 154721 182911 173562 152111 183171 188139 163125 160245 163460 207467 203831 200638 194427 190584 187659 171608 197864 148842 190238 171094 183484 173869 174160 173959 167052 190822 201991 174995 158904 203769
185467 162631 183394 164036 154949 137298 182229 183519 155475 147215 171838 157526 181688 175038 168166 197774 172780 167178 179933 165836 180875 191069 157151 183379 187039 176087 166056 190755 147070 178579 170063 168977 194995 199812 164551 170565 186688 143941 195211 189320 170446 157699 178102 200142 184242 196286 195366 197251 189189 177761 184381 164281 190075 170683 167359 175301 185087 171448 170222 184306 206640 176409 162336 186842
167169 133461 162406 161044 151538 126584 155311 147487 137087 150521 145407 160279 154243 163421 152869 155286 151615 144925 162290 149007 160252 169290 138477 157310 162665 166067 157519 163954 134676 182951 152212 147984 172403 160151 128545 158151 153848 128943 164045 162642 144367 130096 159820 169791 173954 170634 161428 159400 164901 155219 165564 145671 182485 159854 163061 142170 161762 158308 140692 152496 182162 163142 137949 159269
183560 156611 176991 159846 164298 131222 177636 178693 162304 158850 165805 171353 172026 193038 165733 187353 166635 165719 193696 169530 174954 180311 168140 178144 174713 178997 177783 180353 159498 198045 172961 159871 197991 179724 141693 172975 168077 153406 183081 173962 173721 154481 179307 200210 196613 206752 168241 196664 182345 157343 177751 168842 198572 170650 187110 169153 170461 173899 148916 182162 186222 177369 153208 197322
185935 158557 171412 157900 161897 135704 174126 181261 152028 167283 164531 169948 156643 181306 156453 186665 187039 174071 201423 150769 176978 177048 175014 173351 179564 188953 161377 180874 161552 209631 173441 162405 189338 183045 142563 172972 178170 141968 180057 168041 167063 157076 175393 203322 191309 208549 177258 189872 179805 163984 185816 161574 185075 176827 185822 172529 181131 169607 169352 174238 203629 176032 154246 189925
139221 152595 142310 124969 123844 107819 153903 152765 113562 131907 145668 130707 134258 159054 136292 151055 144853 135453 156474 145332 130111 157521 139040 150707 145459 134475 126915 153504 122202 160283 133631 126453 154833 154656 133506 141951 142306 111141 154371 142032 133374 122415 146367 167348 164316 160443 144792 157682 155798 136449 151574 132480 161686 136971 145602 147643 150148 143287 131608 150740 165595 152802 139322 158507
179619 154590 165786 145024 146142 124714 170146 167039 138827 152519 175733 154790 157283 174160 168046 174822 158404 153611 167748 157284 165391 173131 155248 170339 164559 161689 153987 169881 134155 178013 148941 161069 163541 174498 152699 166024 161057 128954 173400 167736 174878 148127 159402 191469 174182 188467 178446 179978 161234 164030 175981 139935 180137 148788 172007 170949 165847 148104 153572 165554 195599 167191 154245 174682
198855 164397 182194 160114 178365 135806 179870 184536 159729 164288 179072 168900 173583 186349 187039 195106 179972 182694 182949 172829 186226 192226 167157 176546 187633 184384 163963 180354 150494 203365 176048 171184 190741 187467 153714 174675 174993 155935 180730 190604 167876 160089 185845 201545 205375 200596 190147 198080 178032 174945 178583 167483 199070 187714 190669 176785 167997 175061 182394 185611 206843 182703 167767 191520
150175 154937 137712 124382 132299 111024 148192 154690 125933 121789 140086 141237 148793 158800 152870 152212 135648 124150 145553 144364 128907 150517 126597 155638 139015 136161 139630 148886 115822 156644 133151 132992 142939 156316 137903 130924 138086 109715 147805 149700 123289 132253 136582 166153 158959 158500 159356 165092 143556 140108 158757 121247 160061 149122 152352 145121 134582 139774 139958 140087 169230 142057 138229 156726
175870 156029 186060 170943 161963 137538 178563 177785 151839 160417 167261 170392 164439 175467 167964 181485 169794 162521 189438 168813 184252 177653 159675 179227 177951 173179 175605 185832 156125 202987 175551 164875 185375 176604 148716 170682 175198 136213 185649 180130 154792 153693 181232 188075 191568 194265 172906 179751 174143 162079 196214 160088 185468 166904 182534 177161 180290 187897 157647 175064 194297 173788 147839 179753
163695 159293 173341 156642 149535 125835 179843 174510 140922 137382 155120 144831 154443 182406 157653 174286 158482 147404 166875 148353 166696 163906 151480 158550 160601 163364 164220 175889 151428 177184 155612 161767 168807 175346 130715 151325 152623 121909 172196 158358 146451 136938 174645 188817 166930 177816 162072 170389 160874 155280 175521 152367 179693 157543 168047 159762 173895 156576 149283 168628 190011 169050 146948 161626
164698 149998 150270 140566 144358 112982 159256 157620 148343 133406 144062 142450 147841 167028 158627 156384 156664 134836 155272 143422 160820 162975 145783 160774 162250 158138 136883 159618 124853 159677 152651 145186 162232 150578 135575 138234 149630 125953 160634 158897 133757 128918 161028 178155 183272 169340 149337 172838 147678 142569 154527 131205 180367 152273 157783 150440 142321 149848 148649 144161 171590 153816 141726 164825
186822 162289 174522 151109 169681 142020 174465 177037 170173 160562 179296 184591 180018 189724 174428 189366 175704 152379 192096 165993 181081 185416 164261 181728 185876 180684 175765 180132 152191 193955 166651 175607 197498 188134 147437 178177 174193 144549 175764 180220 161950 146796 173425 212119 182936 201066 185559 201404 177747 168957 173962 162255 200204 184308 192830 173522 163191 169259 164404 175142 191809 169374 162843 195719
175505 159830 173453 152061 170849 135392 179295 169556 147237 153004 171409 158317 162946 183120 161617 189422 175333 162848 185578 154167 178533 180120 162007 165109 169856 170009 160808 177335 159796 189071 163918 161511 196651 180992 150784 173277 179823 143900 179471 166186 166630 152736 167400 204104 191917 201019 181116 188486 180932 168494 189283 177307 195281 173035 173484 163131 186028 165192 162758 177438 201573 173151 165159 189105
176237 169117 172984 149420 144372 127374 160041 172887 146900 144636 177326 164529 161529 163363 164593 161613 170713 156891 174819 160081 172937 168618 158545 175454 164241 165792 151367 170392 144225 194482 164217 159407 167527 184907 145270 167388 173916 132172 171636 165636 158746 138285 167972 187035 191429 189821 183618 180841 164430 159367 187472 148873 176421 160205 175628 167397 164606 174899 166000 178564 196495 167591 153943 182747
155601 150828 151611 129078 147414 116958 159015 159414 128017 129119 157852 146025 153087 159916 144073 158419 155444 132195 152697 144078 162810 158780 141558 150361 159200 148581 155760 152931 128840 175287 155792 141839 158014 156358 136449 156124 148609 119033 145292 156236 152301 132548 147704 174277 168515 168242 154834 152497 148151 148300 174543 132084 178305 146944 160097 146214 153248 164553 143957 157053 171013 156318 138027 162138
182703 157944 176373 140310 164526 134246 162991 168299 159939 139693 169144 156444 166589 171928 165130 175134 163096 161640 179041 153693 167333 176745 156594 177017 164281 180887 152991 171836 151463 184442 149487 156918 194275 180670 134512 165933 174442 139344 164730 171987 153696 144759 177390 184821 175496 187288 180961 186188 182219 175711 182582 148769 187372 163946 180107 160630 158820 154803 151393 168198 201549 158918 155290 180925
181660 155895 163731 142953 159176 125595 166345 160411 149888 153113 173144 162674 165420 168697 164227 179151 167254 157035 171466 154541 165157 171907 159847 164443 175481 180169 155919 171398 128214 180442 137928 146546 185461 163987 153117 152757 174312 137165 171301 171035 147016 146298 173146 192033 183016 188166 163586 191461 175408 164742 179977 144038 187581 164638 184771 170781 160317 157150 151164 160974 192744 156412 154264 178961
175821 163848 180781 160681 172112 126727 188324 185033 154549 160491 180565 156310 187021 188760 187066 198865 172768 180970 188679 175136 188773 191420 165048 202076 181667 171387 173731 184194 156440 204113 175030 165909 189041 180807 156468 188617 182796 158375 193888 183345 177293 154019 193208 200043 207942 206013 182274 205624 179389 172022 190249 152680 207795 170326 182284 177923 180613 194065 173719 176337 208644 186062 163943 193324
161826 151808 148968 144695 152467 123130 160150 167594 124910 144502 160385 140121 153524 156959 161843 169729 162786 142474 159592 153173 164806 174278 162069 165289 172734 161178 154382 158601 136867 179483 149900 145421 164492 155660 143349 150188 156072 136621 164917 165207 155113 127736 155726 185252 181792 193092 170873 170666 155964 159498 169628 145929 171431 144174 169592 153787 168046 159769 152740 163314 187546 159400 145944 173238
164481 165306 179953 151784 164223 127877 178341 176755 153669 150343 174888 163365 173566 178826 172673 188087 181691 155751 181650 170273 174796 175511 168653 180879 182126 175234 164842 184678 144686 189992 167853 168698 188780 173475 144599 171229 168001 136123 184043 172059 165820 145541 183418 201172 188960 202488 171064 193535 167332 157190 174198 156296 187367 167262 181064 165347 162450 171992 163636 167648 186275 171124 150404 186533
208570 184771 202078 181596 182750 143758 201464 214045 173753 171979 195529 183357 205482 211399 180599 223956 197773 194071 216001 196022 210744 203942 183629 205937 199918 201233 199721 214790 181278 206768 187147 194412 217881 226995 170253 203546 202542 164297 204942 210507 183276 186116 194317 215443 208744 220633 204953 202963 214927 195300 211828 178127 209091 196042 209156 188235 189226 196650 197541 197252 234338 211924 176316 213994
165598 149437 159392 157671 149159 130396 164149 178968 150346 137734 165533 150380 170314 171004 159880 184161 148127 151810 162007 161458 155178 170085 147746 169432 166245 177689 146057 175084 133888 181490 160541 162616 185193 176750 141698 162072 161001 128098 175894 178733 154363 141685 171523 173574 169598 181930 173341 174735 170861 167212 167608 138276 195534 151289 173194 175265 160183 157713 160907 158563 198062 163726 135332 175238
199810 181067 179591 169549 179529 140340 189267 182885 159906 179034 185763 179956 188651 204950 180568 205614 182953 178350 193783 191331 197686 202204 179883 192562 194722 182929 185492 198187 159895 200481 175372 164634 198932 205571 160987 188205 179034 159209 200634 192368 194646 173409 186583 224302 207857 222364 194038 206531 202380 180365 197650 169485 204914 178643 196639 199890 178945 175390 175739 191710 215543 191866 179159 208412
198510 166672 194893 165289 181582 149499 189220 193497 172443 164413 190208 165660 180037 190932 186187 182509 180872 178536 181022 164948 195828 206708 166750 186846 198456 187738 190296 189383 159064 203943 185372 176371 197933 186906 163864 184819 185812 152944 186768 193764 178540 150766 179855 216640 200316 205751 196212 198428 171720 192650 197254 160420 202237 176402 196843 176211 188783 176399 180645 190242 212840 185142 173773 194666
192186 169952 186085 162189 166692 143084 170870 189659 158283 168078 175433 189820 183108 192539 171670 190362 176805 165061 184533 170041 185992 187661 168049 177276 180907 186650 186864 176648 168786 204717 174510 167461 187766 180074 160502 179574 176434 151381 192194 178735 170186 155068 172443 204501 204195 210449 183318 189067 175952 185976 189827 160927 204384 174616 190030 169122 176217 185778 164370 182807 209215 182070 166104 194158
173868 151870 152000 151261 162971 129257 167894 168054 147246 147945 149544 145084 156290 159328 170396 155534 163926 147860 163241 163469 155269 176858 152429 172448 162196 162018 162146 170355 144217 180046 158950 153902 167470 167120 134399 163578 151604 130580 170551 171425 161331 136324 161110 182705 173571 178403 173858 166255 167304 158940 169704 142176 176428 152167 174360 161937 163286 155038 141665 166796 176208 169996 150482 172593
154053 141852 149973 138409 142615 114689 153823 152399 134864 132753 155190 138434 140913 149238 151946 156440 151139 132866 150769 138408 149578 160780 141136 163346 165001 144658 154620 145097 120137 156002 154088 142573 159713 154964 128405 146384 140894 126937 163617 154973 139595 121887 145429 174221 160256 175089 158422 160167 143954 155882 153553 113947 170020 133613 142717 149436 147332 148632 149283 155261 173344 148295 148829 157980
163756 156778 161234 137821 144400 124961 171524 159290 150610 130427 155680 147110 155178 173720 153129 164660 152779 143286 156284 156398 169428 178007 137514 160388 156323 146968 162017 158924 137035 168222 164600 154098 168687 176052 125677 158632 153235 125237 171582 158196 149100 128739 154863 181107 170536 175224 173099 175553 148498 161860 167947 144926 166413 157138 166566 163925 153627 143562 155353 166056 173885 155832 149424 166958
173608 138419 166196 140208 149993 113561 160334 160436 130606 150269 164033 155153 155636 177563 154572 171871 159384 152864 155155 154365 159294 158704 143500 155170 165528 170006 156636 176545 145116 175217 136736 153419 166758 162297 143898 164527 159398 134902 166063 158250 168450 149849 157327 185461 179870 172296 162377 163024 163900 158751 179735 140148 189644 156005 170389 154122 158660 152907 141682 158095 181610 167624 150701 169486
175597 140707 175831 158005 163157 125568 166995 176807 141465 164978 171399 173023 176185 187068 170463 189009 173653 161667 179844 165729 172230 184567 167313 170406 185401 176590 161180 197348 155293 196067 160264 157193 184149 176682 161551 168101 180276 141331 186630 180551 172262 147981 171462 199942 188992 196770 182579 181485 183895 168235 186433 167522 196254 171630 184703 173615 180655 174413 161445 180188 199018 175998 161576 190066
166678 150739 161812 142080 155780 122927 169489 177713 143508 148261 161068 150717 168149 174775 160050 175705 162678 160129 170953 156374 164239 174730 160308 166683 168082 171387 150251 175080 142182 178402 158286 147612 182186 160141 160269 148452 169792 127645 169640 170657 156298 147567 161695 182633 184150 197449 156374 177123 161128 153193 167886 145275 167471 161723 175685 167503 160787 156741 157525 165468 172708 159393 141479 183658
177165 161491 164196 141813 177007 135068 172313 184323 145979 143868 162389 152272 160933 173075 162825 181184 170113 154663 181089 156668 171380 185497 156898 167698 188443 172689 161106 180682 155527 187461 171971 155521 189648 180809 153582 158333 169309 137652 165363 184839 169085 148243 175838 200658 173883 187978 181016 182370 173230 173392 182883 158674 195187 167287 185026 170226 179942 163279 169178 175595 187989 173344 165498 178398
183552 173789 179896 165170 158664 140729 185839 181468 149708 161410 176994 163699 176695 184230 177370 180715 166557 175175 181594 161611 174186 188958 156877 175183 175203 182498 155609 186477 145319 201370 163103 162293 190273 195722 150272 173694 173686 135024 186874 177405 168722 152259 185153 194546 187260 205225 191035 185281 192327 169842 181911 161910 190658 163419 181089 189451 176595 164410 171690 174019 207231 168865 154713 182943
156912 143923 159860 143715 152641 126268 167398 162837 134065 149769 161503 146050 156939 167366 158365 171978 154434 150504 170564 158466 166864 171944 154921 176072 165650 169484 150073 180237 143222 177751 156468 154610 174082 165717 147770 157466 167695 123785 166032 172058 141136 134290 157570 176778 174151 182077 174114 168557 164617 159854 189864 139565 173617 148623 170605 165771 167187 171538 151710 174340 185991 167060 148967 176332
169029 157985 151585 149635 150313 123108 175623 172240 140087 138262 161174 154634 163079 173744 155637 186036 165427 156554 179804 162235 176211 170582 155051 170101 167997 161613 152641 169576 148285 178880 165004 152941 181601 178303 144408 165078 170214 137737 182721 163108 161635 140267 164813 189266 183946 204030 172200 184588 165296 162122 179025 152521 179696 168337 171167 169114 167413 165850 168918 175901 194594 165639 152541 183201
172206 158861 167385 142378 142683 133558 161044 174974 138381 145394 159480 152608 159680 168916 173477 177403 171537 150660 179031 157149 163812 172301 146899 164028 161431 164028 155214 168640 157520 172467 150804 154206 171449 175045 136930 161101 166627 135116 166864 166060 162227 137978 165052 176434 164778 194872 177347 171487 164904 161550 168857 150283 176631 152516 179079 150345 160832 146731 155019 165077 196431 169287 145391 170365
167775 164548 165302 150030 162417 127419 180930 176607 145053 148881 173728 147335 167240 175343 179033 182925 168973 152773 175077 157609 170181 176529 160213 177584 169738 158833 163752 163022 146334 186318 159139 160111 174549 184497 137826 164801 158032 130194 179545 169357 168219 155865 161221 202959 172452 196456 174541 184263 168406 172855 181540 149940 189030 155203 162933 170664 163362 166336 153347 167535 198180 169084 156492 174000
157671 147340 157280 142426 147894 115573 171682 159712 137962 145441 141564 148504 154331 172370 144697 163306 163934 139672 165712 152228 167362 171462 137979 139434 149796 150450 163615 172699 139852 161132 153427 144324 156761 162061 133336 150747 158148 134717 170492 148690 159109 133390 152873 178029 164967 184538 153834 162724 150494 158166 167812 147797 169499 153826 176421 160277 155251 143084 144244 156558 175152 159704 144946 159744
151041 153072 156418 136209 140765 107645 159674 173387 129612 135565 145763 145346 157070 161423 145611 163245 153573 146536 148743 152691 151376 166638 149544 164725 155752 151270 140411 173058 127532 155754 145812 140803 166220 170682 147092 162080 148374 117854 168130 160048 150672 129671 150327 178475 163042 164147 161834 162382 158339 149217 162064 141727 162202 139329 154171 152429 147938 143754 132591 154212 176935 156755 137888 165497
151197 147299 154178 139927 145436 116392 146317 158843 125223 132951 147777 165571 155036 159476 133648 166852 156367 131892 174072 152258 150770 152061 141789 153758 166995 159145 144410 159129 136042 178044 140349 139203 164574 163326 128535 150329 155672 122109 154691 143347 135750 131089 150770 175201 163524 177236 152608 164650 152210 140807 161178 136791 162045 150962 171351 147574 151370 162196 134213 167494 167367 142899 134527 174710
208196 184727 207238 181449 195080 159339 205952 207283 184696 180989 198229 188582 193977 208305 183263 224503 206975 181976 204136 187779 202109 214049 182668 193292 207652 203622 195678 213918 164778 219428 192939 182844 221812 202299 166551 196237 199269 146723 205996 204341 183742 183071 200841 229194 210179 212219 193926 220005 199759 183209 208104 189914 217535 208236 211117 196816 198718 200049 182008 192902 222600 199748 171845 217246
158950 144550 156807 135508 136216 114661 142830 150491 125282 125460 158456 142451 148238 153007 153057 154923 153527 132622 157101 141057 147582 143543 136246 147724 156114 153271 141097 153171 127394 156339 125014 151995 159912 171341 132087 146783 147439 128283 150740 160247 141684 132114 150227 177896 151964 176076 164812 162125 156612 157884 159214 133964 164343 145247 154917 144219 134417 127644 139620 152529 180020 143897 148220 159427
171562 160926 169549 139292 155424 126712 172649 166043 136838 138815 160609 154516 150166 169367 151416 174660 155973 150946 153214 159100 174127 179331 151337 167311 167369 160100 160171 162863 132442 174372 154118 146577 180291 171027 138947 158187 154695 136166 170862 157203 164013 135827 161801 188322 185148 175940 174862 175061 165903 163157 170562 149901 175170 143390 168321 158504 159015 161452 151534 169062 180888 163604 151241 173307


*************************

