29 42 42 70 58 44 7 51
46 24 30 78 86 11 15 34
51 53 38 93 37 28 5 55
24 75 51 13 71 34 89 100
76 83 69 85 26 27 35 23
51 17 100 36 27 15 22 77
67 11 21 55 39 25 9 14
51 11 79 73 44 67 72 19


*************************

1 93 3 27 19 90 1 69
6 1 57 32 67 30 60 85
40 80 91 30 56 51 44 6
61 74 30 4 92 2 75 93
46 29 19 64 18 19 85 75
71 93 6 89 22 17 25 13
96 15 43 51 17 86 8 77
11 38 33 2 91 59 94 88


*************************

13256 19096 11753 11754 18929 11613 20527 22282
12699 17508 10043 10538 16477 11663 19557 23388
12337 20560 12323 9810 21576 13158 20933 25265
18631 17705 18058 16939 22172 22518 24740 30966
15245 23625 16708 13016 22439 18339 19794 27638
11615 20858 15392 9404 19217 17475 18255 19602
8915 16115 6129 8219 10925 10307 11104 15974
21632 25785 15120 16880 18065 18383 17439 23104


*************************

