38 39 77 64 96 54 75 10 5 75 99 42 79 70 54 51 86 57 36 90 63 81 26 56 92 33 33 70 12 2 77 1 40 54 64 36 59 90 97 64 17 48 57 95 17 63 97 54 19 84 96 34 64 73 89 55 5 74 77 16 75 53 68 67
58 84 54 17 73 50 32 89 97 88 35 66 50 83 71 21 67 18 6 82 90 46 89 95 19 65 62 46 69 30 12 27 13 17 43 37 66 26 78 15 13 12 32 15 47 54 87 13 72 92 46 61 37 34 7 8 98 69 53 19 50 16 45 62
32 39 50 49 64 27 15 76 91 98 42 37 52 28 1 23 71 46 83 60 80 90 67 29 10 71 47 59 38 43 72 21 81 73 21 96 100 36 24 90 33 65 26 84 45 26 58 15 23 41 74 54 82 92 35 43 14 33 53 3 76 76 23 8
48 44 4 47 79 27 36 63 43 13 99 87 90 56 2 13 48 27 18 81 71 52 23 36 85 75 39 12 50 61 19 50 4 22 96 34 100 84 49 43 48 47 29 38 2 82 2 50 61 71 30 83 23 5 18 59 31 8 70 33 69 40 82 24
14 77 10 13 12 58 7 60 56 88 49 57 69 2 58 81 72 40 15 46 96 33 4 26 40 25 58 60 65 91 84 78 20 45 42 31 2 49 42 9 88 42 17 56 43 75 89 67 66 3 64 13 87 20 38 79 44 48 38 60 38 73 89 57
17 31 40 70 31 81 78 18 23 47 25 17 73 65 35 38 68 99 50 6 18 39 84 13 38 74 73 76 46 61 84 15 43 23 36 25 56 14 94 78 12 71 46 84 35 33 21 54 31 22 60 100 12 95 12 50 68 36 77 14 49 60 80 43
83 15 20 38 80 13 67 91 83 64 74 70 96 46 23 78 19 34 77 31 29 41 80 48 28 56 13 76 67 92 71 49 7 90 38 86 2 4 77 37 20 2 6 15 48 80 93 66 66 21 48 46 13 79 93 41 86 6 68 53 49 38 1 55
27 91 93 81 46 21 69 65 22 26 80 21 5 24 87 22 96 34 67 9 65 60 1 50 17 20 2 65 58 55 72 36 45 64 68 90 36 36 55 57 13 86 78 18 61 16 91 56 1 58 16 65 69 68 15 37 88 68 1 97 22 24 84 18
39 52 8 74 39 14 83 52 51 12 21 11 27 11 18 79 68 86 96 88 53 10 24 40 77 77 88 51 100 72 68 39 23 27 64 13 40 46 64 42 57 36 52 35 47 70 14 66 7 9 54 59 70 77 51 98 5 38 48 5 9 68 95 83
94 10 96 86 56 11 27 64 47 31 99 45 52 64 10 58 24 63 16 93 92 18 42 96 56 42 52 16 9 98 51 54 8 98 91 15 60 18 78 6 48 28 50 99 91 12 8 14 74 23 58 17 93 52 65 48 93 68 15 53 66 17 58 25
14 49 39 74 66 68 31 65 96 33 15 86 44 22 52 69 96 61 86 88 12 2 87 56 69 54 60 34 70 18 10 84 66 100 9 83 68 39 99 15 71 65 100 66 86 3 35 33 16 72 73 27 73 59 35 41 12 94 27 82 63 36 17 28
36 25 62 55 15 60 69 38 24 20 3 61 75 89 46 90 60 18 68 84 76 2 25 40 48 51 21 10 38 89 90 25 13 51 79 79 63 99 16 38 19 71 51 93 59 96 82 71 13 1 54 88 3 30 79 2 80 99 11 70 39 52 94 3
3 25 82 17 23 97 6 41 19 56 85 30 51 18 100 63 19 5 3 21 35 81 74 66 32 84 35 70 36 81 73 90 5 6 58 27 54 63 20 73 19 56 2 21 74 53 84 92 57 38 12 91 70 85 57 1 20 91 23 7 71 47 48 27
52 5 6 5 68 77 29 38 32 30 58 5 82 41 96 39 30 7 81 100 43 37 52 15 28 74 73 50 20 21 77 71 25 34 28 44 10 56 81 41 38 39 46 71 31 41 61 61 100 42 12 94 78 63 8 57 37 81 59 8 53 87 79 77
20 58 21 29 13 53 69 2 91 66 73 74 7 33 86 58 74 97 51 4 11 11 60 47 43 18 7 95 4 37 23 75 94 95 3 58 48 24 60 90 41 84 63 47 16 100 4 42 96 7 45 7 17 56 5 11 26 11 5 81 47 79 56 92
74 10 50 21 85 61 62 26 44 25 24 11 24 80 4 72 86 48 30 54 56 86 64 33 49 20 13 47 98 20 39 23 82 40 95 66 52 57 43 95 33 67 57 8 98 61 31 35 60 60 88 67 98 3 99 46 74 12 92 23 83 82 46 64
21 40 82 24 48 24 18 80 42 27 88 39 87 18 73 98 30 12 65 27 66 63 24 39 26 67 62 9 49 59 72 21 50 53 45 98 29 14 77 70 40 16 61 78 86 85 76 67 49 92 45 14 6 68 5 32 34 18 92 34 76 63 55 25
68 99 22 48 64 51 69 56 66 29 33 3 66 60 69 14 51 13 79 57 32 83 40 66 100 31 99 27 45 5 4 64 55 77 11 19 27 80 74 45 60 58 47 77 18 68 90 20 32 21 28 64 3 67 29 55 49 79 81 94 36 84 57 90
61 20 8 39 51 33 83 10 91 82 39 60 49 28 79 32 48 59 95 3 25 75 57 74 54 37 19 89 73 75 30 33 94 90 71 96 22 6 6 64 39 96 75 39 75 6 70 75 64 65 77 88 39 33 13 44 21 31 84 93 58 14 77 3
3 100 99 76 57 56 92 95 51 18 33 25 23 2 99 86 66 75 26 57 59 90 100 32 21 84 76 30 49 53 32 3 4 82 30 60 37 73 54 39 91 38 64 13 39 14 99 57 41 76 13 51 65 12 82 85 47 58 66 47 62 98 49 17
79 31 76 68 3 81 6 93 18 69 58 56 35 8 12 75 83 76 25 47 88 59 84 86 16 49 33 29 98 33 45 77 15 72 96 18 52 1 62 21 22 19 76 56 26 40 82 60 15 6 7 54 64 42 92 31 90 76 11 88 60 55 16 75
26 63 44 29 63 5 49 84 76 77 91 53 68 72 13 34 30 19 40 45 60 31 28 1 58 38 40 17 93 7 43 70 69 86 99 32 43 99 67 18 27 58 70 94 81 82 28 10 52 19 7 63 1 34 16 58 71 55 74 15 14 69 85 82
54 35 65 96 85 32 65 12 41 87 5 73 20 84 35 72 2 41 86 2 74 1 11 96 8 37 11 21 5 47 2 58 33 67 6 17 50 22 28 42 8 85 14 28 20 48 51 74 88 36 27 13 37 38 9 96 74 19 16 30 65 17 39 49
35 44 65 84 66 45 77 73 81 91 52 100 38 2 73 78 38 52 90 26 89 50 21 14 68 36 43 84 4 81 32 39 77 49 74 94 93 51 66 73 93 70 24 30 71 49 59 8 100 1 85 88 50 5 1 70 92 95 5 48 75 89 38 51
37 11 44 81 13 62 5 5 31 28 87 53 76 97 61 75 97 97 14 47 54 14 68 45 60 72 44 35 60 81 37 48 44 33 28 56 46 32 13 28 60 51 80 35 99 92 62 96 89 75 94 94 41 61 38 100 84 34 34 44 14 23 91 57
55 19 65 52 2 29 79 61 31 58 48 29 2 61 24 42 35 69 35 75 29 24 75 65 57 60 8 71 34 50 79 40 20 43 91 22 23 69 34 53 79 33 82 32 93 57 73 80 26 7 54 6 30 80 70 39 92 29 9 25 31 39 65 50
34 55 23 56 76 9 9 6 93 42 37 86 50 9 65 75 67 70 33 48 50 54 86 93 83 46 17 65 85 81 14 18 88 89 73 63 49 33 20 41 26 56 26 76 16 42 2 82 12 34 29 13 88 15 5 22 60 73 86 96 6 51 13 93
91 38 7 39 22 26 80 100 33 57 75 48 99 76 29 62 62 9 26 49 75 82 22 35 54 7 82 11 9 95 3 100 84 61 38 5 86 69 56 18 26 30 17 76 58 45 89 19 6 66 19 80 47 40 66 52 98 48 63 6 42 17 5 77
78 95 33 15 63 89 85 40 70 1 15 27 98 55 97 3 20 67 82 66 58 48 70 55 95 84 13 88 100 69 64 29 63 48 44 78 36 28 17 6 80 32 84 77 86 81 79 58 47 61 75 5 60 44 11 6 79 23 93 79 44 8 59 6
7 2 83 43 81 52 100 61 83 83 37 20 63 68 29 62 80 4 18 39 99 28 44 78 3 88 56 46 47 14 51 53 68 86 47 100 37 46 60 71 29 49 42 43 16 71 56 95 74 73 85 24 1 80 1 3 19 8 48 65 74 50 69 41
87 16 40 23 61 52 45 41 100 87 36 67 9 91 61 34 64 97 57 16 76 58 18 94 17 17 10 90 18 78 82 5 93 74 79 6 25 24 98 76 62 33 42 70 76 54 55 39 50 11 54 77 20 23 70 37 39 31 78 8 8 60 12 53
33 91 10 57 66 7 32 27 92 25 48 67 78 2 5 79 64 10 55 36 32 76 24 22 58 1 29 65 60 93 69 92 83 78 100 100 85 83 26 76 7 25 42 36 78 98 66 93 7 72 28 90 47 51 63 56 52 43 21 11 35 89 55 69
19 54 68 3 37 45 30 95 21 23 83 98 72 48 43 30 20 70 19 18 73 33 74 24 75 46 86 10 86 92 30 4 46 50 58 34 94 87 80 67 61 62 64 32 10 6 61 29 28 31 98 100 63 71 75 38 16 12 99 2 4 80 5 1
29 15 86 75 1 65 41 14 79 56 45 88 14 6 68 93 36 65 92 51 36 18 40 3 29 38 56 84 69 13 84 98 27 69 24 27 86 64 40 64 71 37 3 84 94 22 76 29 86 19 31 73 88 70 28 69 59 83 52 28 95 88 77 21
56 100 100 93 15 91 8 85 27 10 69 20 31 96 1 69 67 31 93 54 53 20 22 11 55 26 90 49 13 66 22 20 65 21 13 79 63 20 64 42 82 84 13 64 31 13 84 49 96 77 55 100 48 76 10 2 53 100 3 65 65 76 85 82
48 49 12 10 20 27 51 53 62 16 17 93 28 100 93 75 28 47 74 28 75 36 81 27 87 83 44 3 10 80 84 57 28 96 67 99 22 69 52 36 84 20 28 64 71 20 90 51 67 16 78 93 3 58 19 89 93 62 91 2 41 27 59 20
22 77 19 95 97 22 30 33 93 9 48 63 81 37 13 99 4 90 91 6 100 61 94 44 23 37 45 15 63 55 35 36 31 5 82 80 26 64 12 18 72 59 32 4 47 45 2 51 86 44 56 37 5 2 80 79 38 77 93 100 31 27 87 14
31 68 93 8 31 56 77 55 14 9 58 12 5 12 62 42 55 70 79 11 23 58 89 60 86 82 11 17 60 97 30 91 16 74 50 47 29 27 1 94 35 10 5 91 21 19 32 28 88 10 90 10 20 79 21 5 12 83 73 71 31 54 13 46
27 15 92 7 41 44 100 27 54 57 17 26 27 100 53 66 62 43 75 33 73 47 37 84 81 62 6 11 15 71 56 94 85 100 100 77 43 52 3 48 60 71 74 86 70 78 51 31 20 77 63 44 23 52 79 3 65 85 65 79 7 20 72 91
71 24 67 14 75 21 61 34 43 86 71 12 64 21 95 35 97 9 79 71 60 57 25 24 93 89 55 51 60 78 93 31 1 59 96 27 31 8 12 73 94 82 37 9 2 31 43 50 39 21 72 51 30 96 26 74 36 32 25 48 10 69 30 10
80 25 89 10 32 100 35 77 82 71 85 35 1 28 37 91 100 8 93 81 56 19 7 43 50 83 90 11 51 19 73 30 95 61 40 79 60 74 55 93 96 92 28 96 71 64 38 70 23 31 3 78 1 9 21 50 91 62 61 41 81 33 71 27
45 62 5 4 87 12 97 82 3 76 77 73 39 66 94 61 96 48 91 96 56 11 98 98 24 10 39 56 94 61 83 38 22 87 93 8 98 41 89 100 16 17 24 6 34 70 67 82 17 9 77 25 19 26 22 94 87 60 50 80 72 32 69 45
18 62 4 68 2 44 19 70 60 43 75 46 64 93 27 80 1 55 4 71 81 26 65 67 37 14 99 9 45 67 5 14 80 9 81 34 52 100 3 64 94 77 9 57 70 35 36 70 89 92 41 21 17 57 40 5 70 38 65 66 56 70 79 36
78 60 69 29 11 71 92 4 47 100 60 68 86 47 90 27 38 82 47 6 38 38 11 7 75 75 72 31 44 2 66 21 61 86 50 71 56 93 26 54 93 37 74 30 84 63 56 73 44 55 79 81 92 89 39 67 15 62 49 59 63 66 31 76
51 32 46 58 25 24 11 69 60 36 98 95 98 6 68 93 60 46 73 51 86 63 69 100 24 17 10 87 34 41 62 84 72 59 41 48 34 4 16 94 39 66 40 89 71 7 81 82 52 6 84 89 20 53 89 44 21 98 82 55 90 95 90 62
5 83 61 39 38 29 84 28 94 23 16 16 82 49 49 85 54 32 74 73 84 62 68 57 11 1 11 1 95 52 14 52 34 74 90 71 2 25 99 47 99 66 14 80 14 62 65 19 94 90 92 29 51 11 85 13 12 47 13 58 51 26 9 84
52 50 7 53 74 5 52 25 70 65 56 36 79 72 54 24 61 97 52 63 8 89 76 71 87 40 28 37 66 37 73 69 86 79 21 12 35 24 88 56 41 43 91 19 15 45 42 27 41 45 90 100 85 17 70 72 56 98 60 73 86 84 41 23
62 14 34 96 37 21 52 29 16 94 47 82 38 40 8 79 85 97 78 21 65 100 92 21 97 4 93 82 87 86 4 1 99 90 48 87 62 99 16 29 45 14 10 82 54 18 12 90 66 90 10 31 41 54 51 37 57 95 70 95 80 25 95 30
66 43 69 28 93 84 8 37 97 18 19 2 35 82 91 52 23 53 82 63 6 84 99 14 79 20 60 10 45 55 92 62 49 60 41 93 95 49 30 43 66 100 45 52 81 87 3 4 39 85 66 96 68 17 61 98 88 21 60 84 27 3 46 75
62 86 67 8 34 48 50 99 47 46 50 80 85 53 35 23 89 52 71 8 68 31 6 8 51 17 91 77 19 36 3 32 22 70 91 55 17 40 6 16 38 55 95 22 59 29 96 99 32 66 7 100 49 64 59 99 32 49 28 50 85 30 33 6
51 23 12 20 14 17 35 51 72 81 24 82 61 20 33 92 37 39 43 85 54 1 36 85 50 63 86 34 44 18 91 47 92 2 66 5 19 100 8 42 80 31 75 92 50 7 83 39 45 26 23 50 26 58 34 75 72 71 60 68 88 50 14 31
52 79 36 70 30 43 63 61 25 37 52 27 44 34 65 40 11 87 90 37 97 75 63 68 98 23 87 85 24 100 68 27 30 3 96 59 97 10 71 21 47 22 47 90 8 11 81 18 50 22 6 46 49 21 65 46 95 52 82 18 51 49 45 81
51 92 91 99 2 14 20 100 35 66 41 94 29 21 64 78 43 21 75 91 41 39 88 35 42 69 53 93 18 49 25 20 40 67 19 93 80 38 92 67 55 32 12 35 5 27 12 99 48 38 41 88 77 28 75 18 96 79 62 13 27 38 85 18
57 3 63 36 92 54 54 98 38 66 33 42 92 44 40 91 82 80 31 10 59 5 79 54 83 93 19 61 30 3 78 86 57 92 74 48 46 27 45 35 44 77 76 88 73 67 78 6 98 8 67 56 64 45 9 46 37 79 58 19 33 88 56 89
79 81 88 76 8 33 10 3 61 37 42 85 3 20 42 52 79 8 7 43 5 68 40 41 46 98 11 31 37 67 19 15 47 7 91 6 91 100 61 3 37 2 40 91 73 81 43 4 89 1 46 93 68 37 85 66 86 96 96 22 14 66 37 12
24 79 70 14 30 82 69 18 83 8 9 8 88 3 11 28 3 8 20 23 44 5 40 82 52 87 3 17 52 91 28 76 21 49 41 51 30 9 68 65 68 28 72 56 30 34 83 85 41 55 7 36 11 98 17 62 84 72 78 35 14 57 62 35
58 3 85 87 63 52 3 31 80 26 38 61 59 72 45 51 26 3 39 36 100 55 49 83 78 78 70 92 35 31 26 44 33 10 82 96 13 85 78 44 10 15 5 21 86 1 71 64 4 9 99 55 16 48 90 93 25 59 36 11 41 61 6 74
22 88 21 35 72 50 30 81 64 86 1 1 87 24 64 42 32 15 96 99 14 37 44 38 95 79 1 36 92 6 61 13 45 33 99 16 82 81 49 97 66 1 97 52 24 13 93 8 27 41 58 40 77 1 29 24 80 81 59 71 39 71 35 83
3 86 99 36 66 99 32 31 99 80 83 75 44 27 34 22 19 91 13 96 44 94 71 23 74 81 45 64 51 31 47 5 68 97 92 33 95 75 64 45 54 98 71 50 76 56 23 95 47 36 42 42 29 12 16 54 92 12 18 94 42 64 98 10
60 89 94 6 63 9 2 68 6 73 69 34 28 92 28 26 27 21 67 7 32 82 60 75 93 77 68 87 92 17 48 3 57 41 8 19 50 10 38 7 34 59 40 13 50 67 39 28 87 57 34 70 91 45 96 83 74 63 21 65 31 68 20 87
9 79 57 10 40 95 16 73 5 56 86 54 74 76 33 13 32 18 82 22 62 78 57 87 92 29 52 23 97 23 9 57 1 66 66 41 12 81 13 68 88 50 21 62 25 5 74 9 22 7 82 83 36 90 70 28 19 73 2 15 95 62 23 47
79 88 87 42 20 100 9 8 1 29 69 78 33 94 38 6 100 19 89 88 61 10 67 79 34 68 45 80 29 19 26 8 6 13 49 77 64 10 84 16 90 4 93 75 97 30 80 49 1 68 36 61 29 2 91 14 21 87 93 1 5 71 60 10
35 61 86 50 70 22 65 59 25 58 33 74 87 13 74 39 32 61 99 13 14 41 26 34 27 71 34 31 93 94 92 27 6 78 76 75 51 40 33 27 49 18 100 36 30 73 26 13 33 25 25 46 65 51 31 92 73 17 74 65 62 66 43 67
95 18 41 45 9 25 71 58 42 23 45 23 47 70 36 32 46 60 77 63 62 60 6 34 76 79 50 89 44 44 55 38 61 47 34 22 71 57 79 65 79 75 87 25 96 22 56 42 34 85 56 95 44 61 81 71 39 82 59 35 26 65 24 38


*************************

11 10 59 81 66 89 97 44 63 84 20 11 5 76 52 38 12 7 85 7 19 65 77 9 98 87 43 23 51 19 61 61 28 19 93 45 60 90 88 74 73 7 84 29 34 87 19 45 93 55 51 63 71 79 72 68 65 14 91 67 84 51 79 63
21 72 7 80 13 94 54 37 53 37 65 38 76 35 83 68 41 85 83 11 64 54 79 80 19 69 99 3 71 77 65 91 48 72 23 12 17 28 48 21 16 65 59 91 99 93 11 40 29 93 2 44 46 80 76 64 100 74 66 70 50 83 13 50
6 35 61 74 62 9 47 77 25 57 68 75 1 78 66 29 22 68 73 67 47 100 30 47 73 48 16 74 82 80 75 87 14 36 12 27 96 58 56 72 66 23 46 66 52 12 95 25 79 19 91 25 18 72 23 42 19 91 15 100 70 42 38 36
77 2 62 24 11 17 95 77 91 92 42 94 3 88 18 81 6 60 58 75 32 32 16 50 22 83 2 44 24 91 79 52 44 92 27 55 61 73 31 51 64 24 97 67 12 66 99 17 26 8 44 57 40 11 58 13 45 59 56 68 2 86 71 45
78 49 51 38 21 81 40 37 5 36 55 68 2 53 36 27 61 79 35 52 90 92 64 34 3 20 54 4 5 76 100 34 25 51 23 45 83 63 81 39 50 35 58 3 40 94 81 52 72 15 3 13 7 66 99 61 37 4 16 42 79 15 27 3
17 50 100 52 64 32 42 13 19 100 16 10 93 96 61 16 63 63 81 21 80 31 81 17 34 96 10 64 62 36 19 31 37 18 82 100 49 75 13 19 74 80 28 18 27 88 34 89 2 66 61 82 96 41 98 81 88 7 44 50 42 62 32 79
79 65 30 80 39 42 50 65 73 78 82 100 17 67 40 19 32 1 52 79 93 49 59 81 7 3 82 100 16 13 30 95 29 60 26 67 53 27 31 26 4 65 77 73 31 68 43 15 20 94 93 13 94 4 45 100 6 78 99 73 42 81 19 70
40 44 88 44 23 19 69 78 35 97 50 17 65 92 31 84 37 76 48 30 79 44 81 36 21 32 8 62 12 27 83 3 22 71 46 44 41 67 22 75 63 23 91 27 67 74 63 3 49 10 85 79 54 65 66 26 48 25 40 59 3 22 13 77
92 59 72 32 25 45 58 87 68 49 66 34 22 80 88 22 89 24 52 94 89 17 20 88 41 11 47 96 32 59 72 76 69 43 59 93 88 17 32 7 17 49 40 90 28 79 11 68 3 62 62 43 30 33 30 22 43 28 17 26 39 88 1 7
31 60 52 70 28 83 76 44 31 67 33 10 45 95 77 99 56 90 93 85 74 23 6 68 50 75 94 88 62 94 47 44 5 98 13 32 80 40 27 62 6 59 23 3 53 99 53 60 41 46 96 14 68 2 82 69 76 27 9 89 72 55 33 77
4 97 60 35 37 87 96 94 97 70 48 50 20 1 9 60 46 5 26 65 58 59 33 85 85 93 25 56 99 9 84 2 6 96 36 94 34 83 39 30 4 87 79 24 87 40 35 32 96 60 48 5 18 80 41 54 25 65 62 75 74 97 77 31
92 64 76 25 99 14 55 2 52 85 25 38 76 60 21 23 71 68 79 41 100 19 94 24 36 7 50 61 4 26 43 47 42 70 72 40 83 78 93 87 14 70 24 42 29 45 16 51 64 95 91 63 65 37 38 52 43 88 12 46 65 6 93 58
75 16 97 10 45 42 96 10 11 19 51 91 15 67 41 31 13 32 93 29 20 83 81 62 22 44 60 86 50 52 44 24 19 92 33 63 85 80 72 95 99 75 85 65 93 78 95 5 61 40 85 80 74 65 41 95 9 52 32 10 55 27 85 73
71 70 87 55 49 11 50 99 85 86 64 77 15 10 33 75 1 17 6 74 34 99 20 94 50 52 3 5 78 39 77 100 8 64 55 57 74 56 7 10 93 22 38 8 32 70 34 84 38 40 10 23 38 29 16 87 32 70 91 62 9 20 61 16
35 15 24 60 22 31 69 67 52 6 74 35 27 59 19 64 98 28 87 87 8 54 74 40 24 16 1 32 35 61 99 21 28 23 80 1 5 48 67 56 5 92 43 31 51 13 47 100 92 33 87 99 38 12 38 61 27 90 44 14 51 43 34 30
17 14 30 21 13 49 28 18 40 22 100 42 34 46 42 25 30 28 76 68 39 13 28 17 55 72 30 57 66 16 86 82 81 67 54 93 15 33 62 7 55 62 48 40 7 89 65 37 16 40 4 6 4 83 23 58 6 4 14 23 19 51 56 99
18 9 92 84 94 5 42 100 66 90 39 73 30 55 9 98 94 64 3 50 98 77 59 4 81 73 26 99 75 82 50 44 42 93 28 35 97 21 86 63 10 25 87 40 79 47 37 25 10 91 74 59 68 32 62 48 56 40 98 31 73 99 74 14
91 53 1 40 74 86 2 35 10 40 26 41 86 62 65 47 53 90 5 72 21 19 19 29 58 68 59 30 67 84 95 9 89 95 48 14 33 1 48 94 40 74 34 25 87 50 23 91 39 28 62 12 98 32 40 7 100 50 36 18 33 82 26 73
29 74 86 61 26 34 54 66 59 40 42 97 89 65 88 80 44 49 91 41 81 30 47 80 79 34 49 63 15 74 36 43 99 21 55 25 6 61 90 16 52 83 13 40 47 100 71 90 48 61 82 80 42 28 11 72 13 59 35 80 33 22 74 83
94 29 7 100 41 48 67 92 31 79 83 29 30 54 71 30 66 52 9 8 32 20 79 96 78 13 75 62 34 49 45 28 29 3 79 69 3 97 60 85 28 94 13 57 47 35 38 13 39 99 20 70 18 50 65 47 63 40 61 48 40 57 27 68
11 57 36 13 54 47 49 33 40 14 41 87 48 79 51 86 77 22 7 46 71 72 44 85 63 56 85 2 12 11 21 23 20 56 87 25 54 36 57 93 49 49 31 96 27 81 34 55 54 40 52 25 11 48 9 25 3 93 78 67 56 98 89 27
5 27 51 58 62 59 51 10 7 33 58 86 66 91 92 19 30 44 43 93 43 4 69 45 48 99 63 55 96 3 81 53 30 83 10 91 41 12 53 100 97 62 85 62 4 76 80 33 71 75 77 65 78 98 62 77 96 24 32 43 27 12 95 56
95 57 98 87 20 50 86 68 63 22 29 66 50 61 51 72 35 27 37 64 76 98 40 71 21 71 66 99 35 12 54 81 68 4 19 40 5 57 7 68 78 88 33 79 48 83 51 82 62 87 97 89 36 36 12 8 59 77 7 45 88 12 25 8
15 95 47 20 51 5 87 29 92 71 59 91 6 9 72 19 47 20 7 34 56 18 42 66 94 48 10 34 11 86 41 26 32 39 97 83 43 35 63 87 5 21 77 62 82 1 80 28 20 39 14 27 56 55 92 2 54 53 35 64 90 27 41 22
65 37 56 59 71 18 45 28 38 74 89 19 26 21 99 97 59 64 24 66 18 67 67 23 72 53 86 13 79 79 34 43 15 89 2 86 58 98 65 96 23 53 66 48 73 16 97 83 79 20 49 48 38 15 70 9 20 8 22 98 86 7 93 52
48 46 89 5 95 53 52 18 58 70 17 30 37 13 65 68 84 13 15 22 27 37 82 98 44 3 96 81 62 88 32 61 85 73 17 79 25 69 96 82 90 65 64 26 77 28 93 61 40 60 82 18 96 63 16 91 18 63 23 31 2 6 43 86
78 59 16 3 79 12 36 68 76 51 46 4 78 90 16 69 49 97 39 96 12 6 38 81 20 60 63 21 66 5 58 43 15 73 97 94 36 85 13 63 35 58 67 65 100 82 85 48 31 23 96 94 80 33 26 99 45 40 71 10 96 28 4 10
53 53 3 88 89 68 3 23 25 69 87 24 2 72 24 84 46 71 29 78 3 54 76 47 45 99 8 40 26 64 50 30 68 4 70 56 71 72 78 48 92 17 23 45 40 98 29 37 68 57 14 23 63 42 69 59 40 29 99 17 44 100 47 11
55 68 18 78 39 47 25 30 63 99 26 54 97 54 43 64 63 56 86 77 49 7 35 88 87 85 5 30 36 3 92 91 70 9 68 60 55 44 41 70 42 66 75 38 72 17 54 34 25 91 62 73 49 48 61 35 33 17 16 20 71 59 10 92
67 29 51 74 72 43 95 14 8 21 3 79 38 56 64 14 99 25 86 47 25 98 82 9 14 49 28 36 8 38 27 26 66 29 51 90 71 45 3 31 18 5 9 55 13 25 68 63 1 5 9 25 3 42 33 68 91 61 4 50 50 82 75 67
11 26 56 33 22 10 63 39 67 72 45 79 96 64 93 48 69 1 73 71 95 5 38 37 17 93 86 18 75 12 85 37 37 92 69 11 2 32 1 68 55 46 98 2 9 90 49 29 42 73 99 36 78 89 72 46 33 9 64 7 21 100 95 9
91 16 19 44 99 20 11 53 17 60 6 77 1 6 6 43 79 56 30 8 96 54 53 29 62 68 87 34 67 82 43 10 97 13 53 95 84 16 99 52 75 56 29 28 61 86 70 91 41 51 98 37 4 3 65 18 70 3 3 89 84 97 98 32
10 2 78 45 17 76 97 44 31 77 71 44 62 92 34 54 42 84 90 98 86 6 67 7 9 21 95 44 18 44 76 79 46 53 23 62 81 71 57 63 99 27 6 12 70 92 66 64 75 55 61 12 13 79 18 21 99 13 64 16 56 91 46 53
96 21 67 76 43 23 90 42 2 48 53 71 39 18 34 65 25 46 76 37 76 93 9 27 57 24 94 65 15 40 69 62 60 35 89 2 58 78 43 11 25 48 81 15 65 67 79 41 64 6 77 92 51 37 18 59 61 11 23 27 50 92 88 9
78 28 11 35 5 5 97 82 52 78 48 69 96 79 61 11 84 90 2 34 26 19 45 38 82 67 64 31 10 3 92 88 30 54 74 87 58 71 20 62 100 67 82 47 97 42 9 81 83 11 66 9 81 10 46 62 29 62 93 90 16 84 77 98
37 3 84 46 25 55 59 76 73 40 74 70 34 82 50 16 92 67 76 73 77 74 86 57 35 30 46 50 13 75 47 1 29 82 99 53 88 57 28 61 49 1 82 82 34 31 49 26 49 77 50 77 50 35 33 84 17 31 85 81 5 84 82 33
17 32 85 57 88 64 17 36 16 98 69 49 80 70 26 80 46 27 57 95 14 41 30 30 71 66 10 75 1 43 7 18 74 43 74 62 58 42 49 25 91 70 26 70 91 3 49 88 30 57 82 43 98 63 24 68 28 33 95 29 76 53 98 49
48 23 62 5 64 63 82 6 84 59 75 74 61 75 61 42 84 94 36 81 8 59 100 87 44 94 67 71 47 64 71 94 38 33 50 1 47 83 58 30 41 32 55 54 59 67 47 42 60 83 74 19 93 73 5 36 19 72 58 65 35 29 58 25
61 59 77 59 42 35 88 82 18 42 87 76 60 34 69 19 16 94 37 60 67 41 48 85 64 5 1 51 33 10 75 45 68 51 3 9 85 42 43 3 35 29 30 94 62 99 12 29 44 100 89 62 93 36 46 56 92 98 58 25 7 32 69 27
83 72 35 19 13 29 73 48 58 3 93 71 53 5 52 96 56 40 58 100 27 55 8 18 53 65 94 11 97 63 37 31 86 24 1 50 52 74 49 61 76 42 32 80 98 83 75 5 74 84 57 52 39 64 21 43 28 15 5 76 29 42 58 66
17 59 67 68 84 16 81 11 9 64 90 58 46 16 14 71 100 70 74 90 33 94 84 13 8 88 40 88 81 50 53 49 8 20 69 43 87 49 53 47 12 42 4 9 57 17 31 8 87 4 49 71 97 32 83 57 72 75 44 4 24 97 53 83
68 21 25 54 69 29 52 32 70 55 40 78 23 70 86 61 73 34 32 21 18 66 77 89 92 21 92 15 69 96 49 36 16 73 41 36 1 92 67 22 98 58 52 20 27 37 33 51 22 16 72 91 33 48 31 25 20 75 91 88 70 40 75 86
64 67 73 65 10 40 38 7 97 89 79 76 77 11 26 51 26 49 41 58 49 24 34 20 98 25 60 67 64 34 4 27 53 77 43 62 68 81 69 16 69 47 91 98 9 69 48 86 69 40 43 17 63 29 89 60 53 48 79 16 33 82 94 85
10 37 47 29 69 67 45 89 65 35 86 73 55 33 10 24 25 4 92 87 32 80 99 84 27 77 51 60 10 45 96 72 81 94 100 49 60 44 37 76 31 75 100 85 59 9 60 83 13 52 22 44 31 20 28 10 96 30 21 5 74 16 76 6
10 28 6 21 71 95 97 53 69 96 90 27 5 49 62 69 100 83 12 83 2 91 44 97 21 64 53 46 31 81 52 92 60 57 13 82 51 61 35 71 56 24 50 12 72 11 80 24 93 44 6 46 34 1 42 6 64 46 52 46 78 3 38 37
11 2 19 62 62 5 84 69 28 33 33 51 95 64 74 87 7 31 32 41 31 25 46 46 23 49 92 52 51 81 89 62 34 59 75 95 63 58 15 42 43 99 92 37 63 66 76 69 48 59 61 31 36 59 76 58 7 19 9 10 99 49 71 32
59 97 78 73 6 45 14 48 43 58 37 5 23 12 26 22 22 38 52 57 48 28 14 55 98 75 16 49 75 86 32 34 34 62 6 39 6 72 87 100 29 75 5 3 38 82 24 59 71 28 16 19 7 81 25 4 7 40 52 82 77 84 67 10
45 24 48 2 95 86 1 75 60 57 77 97 90 53 8 61 80 23 79 86 55 3 41 62 94 93 95 70 28 13 31 24 36 78 25 83 64 77 57 75 34 86 24 23 38 31 83 69 5 13 6 59 67 46 72 60 90 18 81 69 30 11 92 66
41 68 100 4 97 56 30 30 93 53 4 82 35 87 2 39 51 7 50 18 5 73 29 94 91 10 15 20 72 58 37 12 78 36 67 74 44 97 3 36 1 6 70 36 44 71 74 47 78 75 64 34 48 44 79 90 5 93 9 77 51 98 88 28
33 7 53 28 3 55 16 3 12 85 38 8 7 64 54 84 90 69 69 37 12 48 26 17 40 87 45 42 84 84 21 68 90 73 48 44 79 63 47 43 99 36 50 5 51 55 41 41 23 9 29 86 56 7 54 48 93 98 41 28 82 62 47 71
34 94 15 65 8 13 7 6 100 8 11 3 62 3 95 36 11 23 73 19 81 27 66 25 24 58 4 57 19 51 28 5 44 94 69 4 58 75 9 9 82 71 11 95 73 57 30 36 32 54 54 12 80 71 37 4 28 40 12 99 42 91 3 38
36 71 41 93 97 49 54 30 72 16 24 44 73 5 79 4 58 84 67 90 6 55 45 34 47 56 84 88 47 86 77 82 8 17 27 4 18 80 85 89 95 8 84 19 64 15 74 73 98 41 62 56 47 6 41 93 62 24 33 8 9 9 41 16
26 67 71 95 46 55 35 93 14 18 63 29 32 37 1 82 29 63 37 75 20 77 20 81 100 52 40 60 12 81 75 89 99 97 83 45 51 17 89 16 87 51 44 18 39 44 51 19 58 87 46 30 15 65 62 14 68 2 73 79 34 99 68 32
95 2 28 97 19 68 12 5 19 55 74 9 51 25 28 60 63 73 89 78 89 51 43 56 4 16 86 89 66 5 20 61 7 100 57 77 67 21 33 37 75 58 46 25 82 25 85 97 49 25 74 37 75 16 44 30 83 81 18 49 86 90 61 44
89 69 20 7 89 4 44 16 61 41 40 95 17 76 91 65 1 16 53 27 31 48 57 66 28 74 66 65 63 78 8 3 46 79 10 87 82 5 2 95 45 93 89 13 69 31 77 21 46 81 99 28 28 55 93 7 81 10 72 95 87 79 98 85
58 59 23 91 63 24 85 59 16 25 71 36 55 99 8 100 79 7 28 58 13 72 64 45 34 35 40 72 14 89 8 23 99 30 13 61 53 50 71 21 74 41 8 29 39 16 80 69 74 59 26 38 83 89 83 16 76 74 39 89 14 47 63 12
76 27 24 81 76 94 53 50 86 60 30 76 27 9 96 100 68 21 90 50 61 72 17 36 97 55 76 62 1 38 73 29 65 48 9 92 93 61 93 78 72 22 5 99 83 100 50 50 72 39 51 32 62 67 20 58 73 95 19 74 33 43 2 49
42 62 92 34 74 85 63 45 6 67 43 40 18 93 89 89 83 91 73 45 57 92 54 30 86 25 55 70 19 8 70 61 69 62 94 42 98 9 86 55 27 81 95 45 25 83 85 7 74 9 3 82 100 9 63 38 33 17 59 3 76 29 63 44
42 9 37 39 17 75 93 43 7 87 39 31 22 76 89 47 84 92 80 84 52 43 73 84 11 31 86 87 59 1 82 100 9 71 90 77 97 35 71 3 21 10 33 94 37 21 92 20 64 72 3 15 66 75 50 76 6 88 14 16 40 48 68 100
70 9 76 66 43 98 68 64 7 100 9 43 72 1 15 88 72 69 54 89 44 4 16 1 43 30 68 82 29 87 81 98 96 8 63 38 5 82 53 64 81 62 58 4 62 72 43 85 41 97 25 36 52 40 88 94 21 55 27 49 94 7 98 89
66 12 26 70 93 79 85 25 40 43 29 53 66 71 89 6 67 13 93 70 52 80 63 73 87 89 73 32 47 71 20 12 82 45 34 27 75 70 51 66 12 79 18 30 2 58 87 20 22 80 90 26 11 4 98 49 93 22 80 91 44 99 55 78
96 40 4 70 9 54 36 73 85 5 2 86 15 88 57 36 19 98 61 82 2 10 30 46 32 62 36 75 12 42 4 7 81 7 29 90 61 16 14 45 20 15 82 34 54 38 22 25 88 82 6 89 92 35 34 75 48 69 1 60 63 5 18 43
11 46 84 23 61 97 19 33 63 100 18 17 90 39 41 77 21 46 65 64 32 50 90 80 70 42 91 32 46 8 75 9 54 58 31 66 55 2 98 17 1 16 85 42 6 77 18 78 22 34 41 6 83 82 37 53 24 27 36 21 34 10 29 39
20 12 5 26 13 54 94 65 69 79 7 27 55 76 4 29 10 97 86 44 78 22 48 53 100 84 74 33 45 2 72 64 65 28 89 29 81 83 94 2 13 100 28 67 27 83 47 36 79 32 32 9 5 79 61 4 14 34 89 59 88 12 22 52


*************************

171626 156329 182540 182401 170611 170171 201221 171157 170496 205256 192149 192262 158894 197604 184895 193338 174558 183570 194457 217064 171216 178356 189788 195931 190602 203981 193601 191338 169360 178533 200622 169249 163880 220290 175338 188241 206554 199172 189072 186671 177155 197628 197258 163041 185831 207870 201706 170233 187086 189443 192652 150812 194904 173182 186250 170857 169333 166254 178894 187186 190936 197544 214647 169522
149240 141466 166081 161449 151531 152958 175855 150853 151558 185815 146997 151429 133370 170704 160725 168648 166349 160049 166252 175059 155015 156216 156220 175773 169111 161736 155064 163332 133233 150537 177335 152370 142987 166584 159167 167761 177703 172034 164344 166371 149290 157214 158395 149944 165322 188207 162789 150642 157536 162516 166818 141666 161597 142416 156319 155638 146211 157272 141676 153304 167121 161786 155132 140960
154918 135959 169797 168891 151526 154816 177932 151923 147636 171760 162867 168662 146216 183720 165995 175486 168776 161976 180760 200039 160577 158943 162900 174434 155882 172906 176155 177645 135899 165400 170632 146407 157071 186333 158916 167830 178678 169040 159159 168621 171233 160164 165057 145574 167588 183834 181257 150866 159452 171032 182833 148200 167047 150689 149095 152130 159344 139263 143562 161947 160014 182933 180709 147799
145871 121537 153697 138625 157992 137355 171885 134617 139459 173423 138471 159946 140630 156941 144983 155080 159874 142949 148198 165579 127497 145582 163542 159527 153608 157261 162694 150721 127387 141218 161601 132819 134790 161477 145874 168625 166160 172599 154665 153107 146331 147820 161275 135502 157103 157710 160458 143862 148290 153121 159044 127670 160109 138261 148754 156616 130982 141304 134596 147449 144715 147998 175805 147359
141160 132123 148954 153934 158378 145950 168460 143095 139671 167809 143083 155572 148314 169154 143535 170767 168727 155027 172621 177304 145631 144773 163336 162086 159564 174172 165398 160227 133176 149963 171659 134244 152869 170997 160575 169653 168279 159429 158842 156972 133056 161962 155116 130845 153451 181238 159930 147426 150462 158718 158069 133181 158888 149749 161976 145324 145580 135858 133649 152641 158918 177744 174737 146514
155779 127680 153841 158944 154442 148558 165106 142299 150114 170783 149148 164802 150137 165134 157147 165123 154800 154831 174156 193700 142809 149175 156815 163844 147028 165840 168040 167166 137703 142092 170203 146031 149486 174901 141638 164902 168362 163385 152168 152519 162274 152838 160983 145396 160489 177550 172738 159264 147296 157339 171636 136530 179171 135239 143806 158141 151529 147125 138049 139841 146388 157037 164305 146471
170896 134666 162716 163395 151603 150502 187120 149938 149961 174790 149806 174755 134916 168955 161479 163014 159182 146092 184614 180909 165570 155511 157002 169415 156702 166501 167181 175414 131988 151044 178076 144874 152885 172451 153322 181390 179757 177686 155770 168646 153812 162016 165201 138184 163027 193344 181194 149436 164602 166548 175250 138903 157014 150734 160764 160848 145080 144462 131000 165786 162234 173856 182822 154241
141219 128000 159146 168574 143138 153642 169084 153925 149796 183286 158249 171589 138724 156821 148654 176582 169423 159739 169566 187716 152752 153887 150446 154497 170857 164468 162114 158957 131703 159765 179116 147993 148823 173954 143569 154596 164176 163571 171287 159308 158509 147657 170673 134606 157231 178234 163245 151208 159121 151745 161576 137464 158731 141200 151569 150245 145440 148696 156399 161802 151757 176113 179322 145453
155406 132744 139137 158662 151874 139492 168248 149737 150499 176092 157220 162053 154306 169976 152044 173927 160557 161618 160953 184080 141143 137635 162945 170093 157533 164641 172251 163784 129063 144587 170378 148055 157721 169914 155792 174235 164105 160116 162800 149962 146602 162559 166134 142386 162102 170145 172639 151856 148512 157874 161756 133592 171156 143777 155353 143848 144053 135746 145654 148040 150585 165468 165326 155470
159319 138126 164775 159885 169655 152036 193343 160492 153779 187659 159734 177515 130120 164954 156521 171299 162168 148029 164837 178504 146958 177516 158888 173753 178146 168375 161752 164286 127585 153714 183340 147913 158154 182557 169482 181057 184692 177437 160611 169669 156995 157572 175070 148457 167802 175227 181525 151956 165664 151582 170097 133700 160077 144263 161036 145430 160006 153297 147328 170530 167034 180276 189944 149543
178863 141263 185728 178135 166434 157553 186906 162549 154278 202746 177263 174160 150159 178811 161967 186323 186996 186032 186484 199143 174779 168597 175414 173439 173757 167450 172256 192844 137230 179798 183794 164633 180376 184859 175462 175963 191411 187180 181675 166729 168382 179997 173520 152620 177376 191565 187757 167624 161904 177329 185718 170677 178602 137206 171909 154098 172155 152092 153721 161553 178365 183458 189503 164987
156679 129363 169002 156114 167395 144968 179400 151277 164525 184580 158124 185235 153036 167903 171982 168338 167253 149104 179281 185178 147408 160497 171647 168295 168074 170306 177306 172793 129267 158261 177440 154383 148993 176323 164699 174214 170265 177695 161854 174776 159898 167730 181009 144633 158814 178464 177065 161771 152443 160654 168732 142973 169797 142748 147707 163384 135287 143624 151165 159335 159467 160772 192139 158411
136417 126399 151138 142914 160250 142492 160403 130768 137325 160866 143280 155249 131155 159676 149602 153860 167106 146016 164393 178377 130019 149120 152865 160152 157528 174410 158148 157858 143320 146341 161191 134713 139630 159786 141904 172671 155541 158859 151591 165406 152360 160270 156862 118251 151586 160576 176488 147312 154793 146275 164938 134350 150610 134019 149366 145050 141164 129822 128706 152151 157676 155153 173298 140943
148857 129100 162117 154068 154584 152732 171927 151372 147172 166013 149051 159793 138849 168952 144589 160077 163760 155181 173051 179215 137956 154118 165407 175392 164562 159542 168824 163905 136811 142578 171093 137891 152230 158446 161375 168120 162179 174207 169040 152858 149326 160391 163207 131163 151211 183591 173747 153404 167143 160822 164100 148161 163741 140235 154481 162459 141326 140329 139754 143213 152653 155126 172975 138832
147326 118062 146319 151016 144313 141732 161335 141485 144834 162189 142109 158906 136380 152203 131530 160821 148576 145708 164345 178388 148682 135387 142752 143677 151319 148187 161405 154016 129997 151349 162205 130508 155512 151655 148617 155381 161896 159958 147218 130427 128956 154180 145888 131362 151299 178602 148154 157422 144771 159604 163381 126590 149825 126942 144319 142569 137603 134776 128084 143406 158286 168721 165640 135963
161140 138818 159632 173861 161695 158913 189384 157801 166421 190592 165200 183687 149197 187153 177834 177738 170351 170241 175189 201529 152130 165469 166174 175781 181118 190457 179714 172322 147578 164500 185460 167301 166345 178137 159017 188753 194886 183288 168274 168563 182088 161936 174600 149439 170379 191303 182903 152364 177889 185813 175608 140277 170507 161573 170217 159919 157740 144141 161551 179061 168043 183865 185217 170316
140272 123192 162879 147025 140198 151724 182523 148568 147617 173084 163374 167251 145575 169395 155907 163414 168605 154334 185007 192354 150650 151142 162144 168953 153371 166250 167005 165560 143390 145824 177244 144931 150263 182971 155807 177737 175443 175492 155848 162573 151831 159137 169538 145708 162505 176254 183575 147809 161446 156581 165582 143132 158692 150744 149547 161866 142174 152702 131259 149379 158278 165562 181845 156481
165870 138194 167365 172950 157359 159536 193023 160287 156044 189725 164337 172060 146978 174239 165007 181211 163409 177986 185675 197399 156704 158484 174818 177388 167259 171564 185314 176015 148984 161665 188313 166284 153673 170902 164585 178263 179087 184849 179752 165507 154258 172720 179980 153566 176749 198334 186149 165322 174289 170546 171862 158613 177570 152546 167430 165927 153080 153289 147893 160383 181592 158845 180180 153168
164643 142097 174714 173507 160564 168199 186842 147987 160341 192452 163285 176450 151160 176454 167521 176153 188396 163560 191635 207779 159403 158879 169817 169439 172581 171699 183848 178806 139932 173393 184097 161853 164020 180578 166268 178589 180131 188216 177460 171160 169142 161580 171083 142229 164611 188038 183288 173792 168850 167835 175909 149710 174461 142329 166110 169434 157168 150173 150474 166741 168375 184194 193499 168362
172928 148683 174597 177565 164356 161013 189772 161183 157277 186425 174657 185742 151403 195301 169284 185695 184529 177636 186057 208576 154163 171033 174688 182159 168217 184434 176833 193071 153082 172740 187485 163576 170290 183226 156945 180317 178908 177728 173769 179073 160316 175437 182676 155109 171248 190760 190720 154488 174638 176484 183980 164762 186693 161682 170479 171140 166463 171234 155586 170066 163778 184430 180939 168810
156982 136063 162570 166966 163454 148910 180675 156464 149046 191050 143931 174135 152011 171775 153785 172823 158054 161900 172694 179308 160567 145941 149562 157585 188510 186269 165122 175839 134633 149244 179270 148388 161969 171231 161306 177707 175885 169036 168237 183952 162025 174491 175755 140927 167727 185878 174549 156244 161518 163820 179121 143061 164806 146434 168885 144961 162209 137762 148020 165339 170990 174178 186903 163956
153240 129636 156746 152730 149670 154385 190388 157473 157244 190194 157063 169841 147354 173044 155098 171638 160966 169552 170069 186784 151530 155780 163692 180599 162335 162202 181534 165845 133127 142120 190704 161942 144825 173267 154385 173591 182999 175595 163506 152971 150104 157533 178315 145595 169136 184546 170068 156266 171735 158919 170144 133460 164751 144717 147639 154029 138738 148379 139510 151276 161122 157447 173501 147706
130528 111675 133840 127500 133212 123978 145342 121820 126549 145423 124160 149652 107381 143533 122015 144224 130820 115305 147806 147040 128451 133482 121692 141282 144346 130327 137634 128031 102428 145170 137628 120301 133966 140083 126684 139519 147159 146814 142899 123327 125874 128579 120271 111585 122604 157131 151229 136446 123679 122143 135053 106643 125374 118502 129794 125375 119721 129723 114014 151494 133154 138635 149915 123057
174747 157767 186989 187308 185340 174601 211134 170561 173803 196290 179840 194559 163285 209296 183109 195773 199048 190101 206696 221681 170852 183986 187189 180921 186460 187050 186872 192876 141388 189119 200098 161527 181591 191520 177886 190476 205151 205534 190802 184561 175667 177532 178310 168100 183359 216698 195986 173429 198697 182565 200177 162547 192382 160684 174577 182918 162412 172533 163298 191706 175315 201018 202048 173660
163661 144397 177688 171614 184063 163520 186866 159083 176712 200441 163099 178603 157441 174063 158856 197435 185528 162881 182445 203257 149766 175108 172291 177063 183808 191650 178604 185008 159398 178736 187573 157569 168362 196980 168520 197509 191909 196966 179135 179554 177757 174673 177299 147668 180236 183748 194670 182733 175646 165803 175040 148282 181581 158395 170197 164315 163206 166589 154111 168872 176641 186549 198358 163061
151586 129966 142946 155931 148858 138877 168412 142731 154957 181768 155607 162019 136061 152121 151168 167500 154478 143533 154176 176270 141341 145250 149033 159540 161377 168835 163740 162485 132510 143724 161718 141175 141714 163849 139746 169841 163255 164483 148158 160184 146818 155637 153152 131414 155603 168536 160632 147892 155790 147895 161330 120143 163166 135900 150272 133056 144258 141037 142449 161492 149271 165777 166144 149216
155914 119980 156177 156227 147233 156781 183182 151854 139137 175413 154811 169063 138715 169424 150654 170625 172846 165243 173963 190960 152058 145657 158171 154558 165325 163116 172017 165955 116597 150207 188628 162029 161034 167794 169554 171629 177253 169592 171342 160503 150191 163585 160893 148434 162466 172186 172072 155468 155251 158600 149803 140292 154023 145334 152071 143813 147537 138370 134689 146077 168645 158896 177175 153428
149125 124255 157228 157866 160440 147637 187855 148157 141023 179508 154197 163229 128197 169961 149238 165973 155662 154239 173808 180463 147377 160142 163101 159537 158899 173738 168685 167534 132966 144554 172024 151516 141177 176290 152383 178007 182423 172200 166631 165796 159559 158134 159428 141019 166338 183830 176574 148211 161684 151406 170485 137302 152765 144702 146707 150297 156876 141542 149806 157311 167594 165490 181525 147795
163742 143499 180395 183986 167407 174660 191063 154697 159538 205767 174899 178468 159348 178442 179149 187158 189138 164387 196325 200434 164050 173323 191250 185588 170350 181335 185906 180335 145710 172533 194906 172700 166941 186554 182302 191481 186533 194842 180326 182992 175338 180243 177445 159872 179458 195829 187268 179674 172879 180074 176860 156574 184439 158906 176768 174847 161773 163059 157281 163199 179207 190420 191199 175099
158842 130353 174756 153985 151227 149566 176038 156375 160306 187958 161244 179024 144600 174771 153940 169297 170561 156840 178514 196008 172763 153639 160172 177005 162480 165288 178032 176885 142067 157862 175933 152494 148925 182281 163816 177592 188535 182465 157853 162080 159598 160903 172406 147763 165681 193632 182709 156205 149793 165468 182204 138626 170070 146081 156980 169504 139618 152123 146675 164705 164855 181694 179110 152411
149626 144003 156640 160010 155961 144722 189744 152385 152932 177748 161049 174701 141703 175507 166206 163433 163520 160678 170237 195379 154569 151398 157715 161311 159246 171276 162588 164118 134270 153786 184819 154226 147448 171044 160759 167294 184672 167793 156009 163217 152389 150674 160511 139075 163257 186034 164260 157733 169500 160626 166634 131454 168854 145737 157551 150700 160160 146790 146143 151544 157493 176319 179323 145974
167244 128821 159995 167243 161206 162205 189917 156264 159051 184533 171053 187032 157683 186750 168539 176350 179956 177642 191536 203677 160164 156544 172369 166559 170144 192473 194892 176923 137925 166639 184649 160746 170835 184617 160780 194120 195556 180737 175951 172678 173440 169764 182638 151979 176340 195747 186952 163401 172312 172591 172596 149170 167444 158264 163964 161566 164180 136721 154731 168549 173810 185132 200234 157014
160257 146886 159223 157341 149972 134455 170765 132644 146888 164680 153361 161343 150056 162546 156642 160815 159932 164876 170226 188075 139653 152892 163529 162226 147420 162580 156945 167837 136637 140276 164797 144392 134458 175955 150360 161497 169260 173356 146829 160486 160128 155068 158133 146415 176711 158875 167797 150292 165212 158837 177723 142364 171632 148897 139115 151612 145077 155929 132881 154761 154684 163729 173689 154289
165160 143148 167490 173679 180598 164756 177919 159553 158229 189825 167359 172780 152783 186689 160740 183673 183898 170961 196261 212452 152679 166583 165614 182428 178101 186265 174779 186451 144847 170200 185987 159916 182780 173223 171729 179966 182952 175969 180863 169700 159262 173078 166352 142898 167645 189084 187671 165808 175073 179157 188804 154315 178767 145219 159929 158464 158426 152302 142992 166023 170187 188667 189236 155787
149564 141713 183989 171844 168134 164725 178003 163891 164608 195963 159077 168834 150583 180400 159540 182273 166529 179862 195539 195039 152844 172733 170404 173101 181120 185198 165339 169636 154206 166026 182706 156306 160146 182022 168346 176244 182423 192523 171450 164000 168364 160310 172243 145966 169270 198443 180217 160212 166184 158660 166647 159272 170481 151253 160204 169720 159769 158919 162490 171758 168040 178396 183370 159478
166719 142883 174683 165805 168087 151390 190808 150929 163723 178659 166188 174745 153578 168076 171724 173478 188797 156543 186231 195759 160743 175810 178980 175494 161023 166196 182966 175581 139012 154331 183655 158876 156021 180786 168030 173290 178603 182461 171169 170444 156799 161414 163623 152665 166576 184090 182412 173349 176929 162775 177701 150268 179579 148293 146731 164708 151276 165224 141063 164784 151186 172470 189852 150604
157155 133363 162390 136481 151345 155069 179752 136767 149362 173541 145069 179267 146913 181667 162782 169665 172425 156280 168482 182382 146467 150897 163230 168993 149031 164488 170616 161741 129880 151829 180426 150182 157225 170774 156565 175904 169969 164069 156103 157262 156570 158203 167592 146278 153287 185184 174044 153821 155006 158319 158656 135067 165796 148738 156325 155855 134723 153787 133147 155784 152519 162970 179110 162918
138784 122868 145452 146358 138622 133370 154744 132279 130874 153866 131545 155088 126682 142534 142661 149654 153764 138194 161968 162630 143729 147772 147745 141701 142149 149830 151313 151788 128440 135914 157664 137087 148067 148862 146507 154935 151350 149130 138920 146155 131141 150409 151639 133646 156112 152700 167597 143577 143824 146752 153663 126065 147520 126569 136794 136063 129013 131909 106596 152127 154423 153238 160463 141965
163582 137550 178470 170426 167815 156459 197442 162595 164125 206537 172647 193332 150533 177161 180372 187620 185027 172810 189366 202371 174873 176159 176526 173349 180042 179241 201748 185550 151488 173932 195148 178900 164984 192472 180622 192205 200926 184520 180837 175847 175895 179090 186293 153134 177699 194552 195209 181123 175266 163340 184833 143001 174885 150896 164811 165202 154275 157915 158467 177162 186791 184651 204797 174088
154291 131678 152553 169926 150070 133966 172207 144275 144044 167667 153482 164494 137161 161693 155602 175473 175107 146610 167768 180194 145014 152999 159015 154111 158279 161550 169969 166255 143381 152660 165092 138530 135114 168105 149152 168612 162197 173531 159696 163802 153912 159884 163209 128311 166242 168263 172418 153575 164883 149604 175399 143776 169632 141228 156243 163056 135283 145311 136831 161652 157996 172427 177755 154137
149522 140139 185261 170716 184343 167408 206847 174462 171895 209948 182123 181785 166333 191465 180007 192074 198986 173360 198345 213097 169171 169756 185239 183470 187349 189144 196662 189180 157477 171643 199023 167855 162585 184080 175195 192887 191962 200804 186543 180591 165202 173932 180547 151557 181892 197831 194074 166866 173534 178768 192560 162459 183873 162967 166861 178471 163815 152136 163351 169128 173298 179375 192419 173696
179013 158551 172003 190056 166698 165733 205061 177001 167005 201904 174772 191255 173388 180810 172377 201085 186259 167434 188175 205435 180151 167074 173404 181594 189384 185808 185153 183464 136660 160587 198872 160299 174689 178665 173790 180470 183567 193148 183372 177845 161413 191724 172799 158210 191423 209397 185860 172582 176663 191424 189858 153948 188960 166507 177266 174306 159458 163976 163771 179978 182066 184463 192798 168513
156212 129144 156150 138436 152227 158158 181718 143850 160541 185333 155022 164405 144794 173611 152887 173616 172128 162003 172132 192263 132412 150283 160849 175138 156394 177537 170874 159019 141077 145185 175193 152582 145319 173485 162667 185722 171042 179748 144786 163086 153130 158087 159060 141593 169621 176640 168722 151626 153565 152103 155908 140605 164327 142638 147316 153284 149615 159893 142074 157495 163493 164686 169033 163611
168174 148582 179445 181836 177509 173362 201174 159310 169211 201915 180035 176841 168580 193642 172307 195361 189158 187955 207120 222354 161767 172509 180473 184549 179395 194103 201708 198452 164672 180621 191759 178699 165777 204663 179952 181918 199913 200250 184762 180386 176147 189899 187098 147586 190102 196648 197850 176903 194307 182441 201924 159385 204732 156823 178453 182072 166888 164620 169604 178275 183793 194953 202977 176810
175147 158205 181813 174740 181715 177768 206100 167425 179095 198021 175575 199504 158359 194889 179162 189559 188073 176107 210235 216075 177020 175145 190769 187994 192946 201358 196048 195839 155261 174879 198574 155057 180106 197441 183622 198405 199542 194895 197714 200141 174318 190438 193360 163554 182703 205503 205753 170004 192288 186844 188914 163443 179934 170548 181109 164686 169695 159133 159753 183141 191506 194201 215299 176694
155239 137631 157977 158313 141077 134061 180629 152707 147801 164505 156497 183464 139924 170028 158900 155135 158100 153298 176806 174482 157279 157378 158202 172509 163642 165965 159585 164826 137280 156311 179297 158451 159543 166164 163867 161595 174895 167892 149338 154703 149538 173244 164141 150830 161801 184872 164309 142407 150055 166978 171762 146775 150289 139357 156371 147839 145774 152660 141242 162970 162009 184358 175395 157404
184092 156093 178398 189396 170820 167277 199239 162157 162308 190392 166905 189991 155399 178476 185075 191204 173673 175777 189006 209275 165683 167412 169992 176205 183442 182042 191134 187694 153682 179970 195999 162918 178041 191875 161861 181799 193969 184224 184615 181320 176191 179876 186174 151829 180464 205986 195555 168533 184348 188236 189697 156696 187341 157816 184488 167715 177432 151469 152671 169725 177375 188142 197650 166371
171861 134552 189060 172900 187291 188231 198716 160356 159164 212862 175147 189057 166421 209785 169791 204623 192082 190160 204662 229093 162252 176143 181605 179415 181751 203680 195605 191088 147862 165102 202046 177740 177622 200301 178827 194159 206804 193022 181455 191853 170142 174606 187804 154837 177389 205006 205522 175163 174565 177395 187560 161056 191735 153170 171072 176531 177609 159740 162905 171664 188479 184380 209880 177606
165355 135607 177884 185997 171543 162065 202811 167249 160371 196129 173516 181201 162539 191129 184807 193001 189185 172852 194695 209522 158020 180091 180029 176480 172053 188266 189296 181402 155101 184534 205438 175072 174274 180216 178685 187966 185718 196995 175914 169048 195522 178716 179123 152715 177775 196580 196471 185976 182153 177328 192337 166788 176454 165507 175170 170600 168347 154897 154881 172047 179999 177490 195003 164452
157902 135472 160120 163958 165663 147928 169177 145773 144566 180642 157837 160407 146164 174597 146194 172896 171107 164655 170595 182248 143592 160140 162374 159566 167224 169764 171810 169452 138834 162258 162137 146256 142633 178597 149639 166873 176352 179568 169511 170017 160220 158187 166560 128196 165077 178023 172292 157812 164469 148618 169196 145596 167106 134281 162218 162065 154703 146683 160045 164759 158773 172704 184415 153597
154687 130906 152894 148055 154582 149490 179544 137764 153141 181161 158145 156727 143183 166812 152403 164094 175114 154857 172727 188651 144482 137838 160865 162645 160254 165830 175579 170082 132123 150897 167680 151944 151059 167395 158545 170580 165492 174570 166071 172925 147186 160881 154142 133916 160622 176538 172004 150179 158936 160603 164025 130460 164275 139071 155076 144079 147294 142272 138236 148175 159797 164192 171765 155271
156879 144678 161106 166773 161985 157597 186552 157382 155229 184319 162731 179502 152193 187612 168252 174291 167048 164568 181577 197294 148123 159475 171338 175245 173615 184922 169000 162699 135298 150048 182749 146655 158866 181359 168694 183129 178013 174276 168326 176747 157179 168230 169173 164624 168366 189818 178258 165921 170547 162573 174118 142132 172784 152092 162245 160251 157232 159468 161225 167014 164934 179093 188265 160251
159233 139791 176929 169444 171429 159272 184428 161512 157802 184128 170384 176113 148395 182551 167543 189229 168798 171198 193399 195381 154247 165243 173510 176148 172636 173216 174782 183466 134710 160282 185660 151155 159790 179699 161096 172415 184139 180768 176848 172907 161554 161953 169603 160889 171049 190176 184478 149715 167714 171647 182282 159907 176947 154623 155677 167000 161120 156926 150500 165983 152852 170608 183749 161192
170969 147373 187745 175318 173058 162615 197666 167980 169050 201956 169437 185271 151229 190999 167243 189772 176873 180524 187304 200947 171701 182434 180154 181390 186107 182051 188981 188569 151485 177402 201587 165044 173937 198920 179643 189140 198594 195756 189062 180977 178237 177149 197156 152167 183152 207422 198966 174331 191556 171141 193102 151799 186102 160972 175014 164483 150875 154546 154466 172819 183897 187647 200299 163928
135958 127652 156228 156012 165845 146686 179667 141773 150159 175704 146640 158704 133651 168041 159320 160183 159034 154860 165125 178486 126146 152177 162814 161357 157430 161715 154246 174774 127013 151971 173230 161773 149561 165800 147324 173336 176337 159121 159134 157478 148138 145903 167396 145597 161033 155282 168861 147628 165079 166768 156906 124247 168973 144434 149411 147191 147162 149076 130418 148654 154069 156556 175090 143070
144346 118970 147900 142248 136629 138083 155390 122855 124775 159706 140176 153845 121847 139515 142618 144846 156459 136772 166016 160251 138102 143398 145404 147410 143908 140032 160003 158057 121331 133860 141265 135007 140849 146565 134040 168960 166602 147615 150735 140999 136120 138510 142593 138061 147314 154660 161060 140918 136572 135420 137766 125234 153789 128241 141569 140174 136556 138891 112898 138212 143746 149626 157064 141270
155631 135873 151285 143574 153335 134644 179529 146846 158097 169026 159020 164317 124355 176425 159979 157952 162276 159978 159233 183589 144101 152039 164238 170590 157579 171841 151122 160261 126924 154180 164474 143620 141854 167120 150398 172894 181159 176439 159438 169721 163611 153483 156760 146817 159023 172637 177791 145698 166568 155405 161965 135239 159813 143792 148670 138422 138502 143590 146847 172845 153625 155518 173362 137210
157918 142406 168030 167338 135087 155986 184563 149912 149758 186802 163724 163389 152325 167030 169126 179371 165977 173774 182509 189095 148574 146619 160883 165921 174142 171790 171936 173600 134540 161217 179972 159859 164429 165875 153685 165277 170998 180901 175575 164107 162122 172903 164748 149877 173846 192460 172691 151593 171565 170522 166019 142239 173475 151154 163679 155924 142066 139324 142028 158978 156147 162072 169472 169258
177335 150283 181561 180773 183439 181673 198922 166553 166173 211525 180983 188513 177565 193234 184603 194465 193086 183856 187928 217257 162033 165888 181616 191363 186344 190236 202364 192006 154697 178486 202157 170330 171801 191769 163258 197749 190020 204658 179075 185455 181920 187488 181354 160471 189898 201952 186319 185505 179811 184862 194659 158479 199053 168798 175416 180658 177857 168973 158588 177505 177473 180970 194968 175634
142513 145145 158577 168384 163109 151945 174279 146255 151780 181057 149764 161503 138074 170908 159470 188661 150690 161039 170972 183776 138322 157520 153265 171506 172582 172888 164286 159518 144260 163898 175451 155275 153137 171498 148011 171995 172167 176147 164537 167160 165423 159010 169498 127184 170302 179033 183349 152318 176739 162413 166548 140038 161424 156258 167691 153689 150292 145863 143868 166467 174661 154694 174318 148091
149664 147895 154056 157395 152263 132344 170294 130936 148457 164427 146973 161395 142066 152993 157841 158538 154902 158139 170242 173717 147815 158667 162137 164422 159845 176676 157963 157071 141806 149424 161186 139075 133233 164089 149961 158676 164532 169320 152439 166292 147962 166700 161292 130538 168414 166644 171933 145395 161458 152533 171605 144343 159035 133355 153279 141729 145588 135962 131886 168837 161205 158053 167871 147472
135067 145426 167943 158777 159182 142531 172876 151559 154536 190181 158714 162028 131856 162224 157352 168794 159423 163261 162302 174897 140616 160554 168119 168767 164214 173758 147976 169260 138340 152764 160383 147622 139411 167199 159211 167988 177848 167650 163987 164163 148245 154584 164615 143788 162517 164307 159578 146496 162052 164068 150239 147312 173158 135687 156256 155817 150425 153498 157338 147648 159948 158185 178048 148079
159805 129750 160195 171376 151168 148480 189336 146778 147105 180289 151918 178066 156345 176374 158557 170693 169003 162679 189941 190383 153033 156082 164740 163415 159856 164804 172171 175413 129949 159216 181423 153645 161830 174022 161465 168766 179101 173649 167944 159456 156472 162524 173958 145158 163752 177342 183455 157821 168748 165108 180160 140563 173975 150427 164192 169119 145450 154676 136991 158086 156530 171730 182551 165410
164154 145660 167699 173849 174052 158622 187761 150883 160374 198256 175222 176498 144040 179974 173289 190512 177808 172278 177868 201827 143085 166207 173060 175292 176876 180626 179127 181197 153103 168886 174863 161738 163854 182493 162050 181938 187267 188121 179836 175487 182178 164327 176222 145193 176340 186502 187736 159703 182808 168516 179101 154576 189164 150326 166100 164710 162309 159173 167440 165176 167311 180041 196543 169792


*************************

